first loop iteration: 0.0058
0.161373
0.183272
0.200183
0.213367
0.22605
0.253309
0.271101
0.281861
0.2927
0.302619
0.312336
0.322074
0.331962
0.34174
0.351818
0.361775
0.371544
0.381442
0.39152
0.407428
0.420092
0.429779
0.437993
0.44732
0.456217
first loop iteration: 0.006351
0.133682
0.155111
0.170449
0.185807
0.199462
0.213898
0.228714
0.24291
0.256295
0.271452
0.285548
0.299784
0.31435
0.33087
first loop iteration: 0.006211
0.130407
0.149061
0.163367
0.178705
0.19308
0.208118
0.222654
0.237782
0.253941
0.268327
0.281972
0.295666
0.309261
0.324419
0.337863
0.351508
0.364662
0.377725
first loop iteration: 0.005932
0.130888
0.14918
0.164088
0.178224
0.192098
0.205652
0.221181
0.235939
0.250004
0.264981
0.278966
0.292812
0.306537
first loop iteration: 0.005801
0.128964
0.146446
0.160912
0.17605
0.191047
0.206044
0.221833
0.238032
0.252378
0.268127
0.282282
0.297641
0.311686
0.328697
first loop iteration: 0.006071
0.130217
0.172393
0.191598
0.208438
0.224427
0.239203
0.253921
0.269018
0.283123
0.296789
0.309541
0.323187
0.33623
0.349565
0.362378
0.375191
0.388235
0.401077
0.415184
first loop iteration: 0.006011
0.133102
0.153068
0.168607
0.185318
0.199633
0.21456
0.229957
0.245737
0.261395
0.277725
0.293173
0.308019
0.322806
0.342643
first loop iteration: 0.005871
0.13221
0.151225
0.166903
0.182361
0.197659
0.212947
0.227964
0.243351
0.257698
0.282784
0.298593
0.312276
0.325211
0.34125
first loop iteration: 0.005931
0.13181
0.150754
0.165882
0.180859
0.194614
0.20926
0.224168
0.238814
0.25296
0.266704
0.28082
0.294434
0.30849
first loop iteration: 0.006141
0.132852
0.151445
0.166553
0.181751
0.195656
0.209751
0.224167
0.237883
0.251306
0.26386
0.280069
0.294525
first loop iteration: 0.006501
0.126579
0.145133
0.161612
0.177311
0.192499
0.208168
0.223174
0.237982
0.252568
0.267465
first loop iteration: 0.006152
0.135536
0.155172
0.170569
0.184975
0.19863
0.212706
0.227443
0.24202
0.255213
0.269019
0.282132
0.296418
0.309432
0.323137
0.33588
0.350617
0.365313
first loop iteration: 0.00617
0.125869
0.144142
0.15967
0.175579
0.190406
0.205674
0.220882
0.236289
0.262296
0.279288
0.295227
0.309271
0.322857
0.336051
0.349545
0.363271
0.376985
0.391361
first loop iteration: 0.006583
0.133663
0.151827
0.167084
0.182321
0.195446
0.20868
0.222724
0.235668
0.249253
0.262077
0.27503
0.290839
0.304474
first loop iteration: 0.006151
0.135486
0.154931
0.169719
0.184635
0.197659
0.211324
0.22551
0.239165
0.252538
0.265322
0.280338
0.294344
0.307559
0.320683
first loop iteration: 0.00605
0.134875
0.176641
0.194173
0.209831
0.224798
0.240126
0.255204
0.26977
0.28649
0.302709
0.317757
0.332674
0.346359
0.359483
0.372627
0.386381
0.400797
first loop iteration: 0.00591
0.112766
0.133132
0.148099
0.16502
0.179265
0.194143
0.209611
0.22568
0.241309
0.258881
0.27472
0.290748
0.305815
0.320933
0.33579
0.350427
first loop iteration: 0.00574
0.132671
0.151285
0.166252
0.182381
0.196647
0.211263
0.225789
0.24233
0.260212
0.277734
0.294986
0.310454
0.323798
0.337212
0.350877
0.365323
0.37957
0.400488
0.415405
0.430001
0.443785
0.457371
0.471166
0.484791
0.498625
0.520265
0.535914
0.5503
0.564485
0.578141
0.61128
0.631457
0.645834
0.66014
0.674496
0.688882
first loop iteration: 0.00612
0.13192
0.172613
0.189354
0.202819
0.216372
0.230038
0.243984
0.257257
0.269841
0.285299
0.299423
0.31374
0.328065
0.342232
0.355566
0.369341
0.383006
0.39673
0.411477
0.425483
0.454666
0.470726
0.48436
0.500008
0.514315
0.528531
0.542145
0.556501
0.570115
first loop iteration: 0.006132
0.13199
0.171902
0.188143
0.202499
0.216053
0.229817
0.243683
0.257429
0.282022
0.29723
0.311486
0.325703
0.339478
0.353071
0.366156
0.380903
0.394458
0.408141
0.421617
0.435581
0.449057
0.46243
0.475775
0.48949
0.503465
0.51715
0.531016
0.544791
0.558185
0.572922
0.587849
0.601694
0.615279
0.628573
0.642248
0.656293
0.67086
0.686148
0.702928
0.717184
0.7313
0.745405
0.759781
0.773807
0.799984
0.818728
0.832984
0.84671
0.861276
0.875512
0.889758
0.903822
0.918069
0.932075
0.946431
first loop iteration: 0.006241
0.126821
0.145174
0.160231
0.175339
0.188714
0.205504
0.220411
0.233915
0.24771
0.29187
0.308311
0.32425
0.337915
0.351168
0.364232
0.377937
0.391242
0.404686
first loop iteration: 0.00542
0.129045
0.148549
0.16504
0.182262
0.196647
0.211625
0.226272
0.241459
0.257017
0.271253
first loop iteration: 0.00564
0.140976
0.160051
0.1759
0.190817
0.205404
0.221012
0.23619
0.277264
0.298062
0.313541
0.327035
0.341522
0.354915
0.3684
0.383698
first loop iteration: 0.006713
0.134756
0.152608
0.167965
0.182983
0.197449
0.212998
0.228065
0.244024
0.260885
0.276243
0.291821
0.30754
0.321094
0.334658
0.347642
0.36266
0.377536
first loop iteration: 0.007142
0.122873
0.133213
0.142929
0.152397
0.159621
0.166963
0.175169
0.183613
0.190967
0.199563
first loop iteration: 0.006993
0.116973
0.127682
0.13696
0.146266
0.154251
0.162305
0.169769
0.178204
0.185659
0.192912
first loop iteration: 0.007284
0.124247
0.135558
0.145055
0.156406
0.163778
0.171582
0.179216
0.18663
0.194374
0.202259
first loop iteration: 0.007583
0.124055
0.135246
0.144644
0.154812
0.162665
0.170199
0.179176
0.18719
0.194454
0.202478
0.210062
0.21943
0.227544
0.236441
0.246459
0.255615
first loop iteration: 0.007915
0.169769
0.191579
0.209861
0.226252
0.240759
0.256136
0.273167
0.293144
0.312268
0.332695
0.350368
0.367619
0.391112
0.414775
first loop iteration: 0.006131
0.125649
0.148631
0.164991
0.18089
0.198692
0.216575
0.233515
0.251158
0.267987
0.28559
0.305827
0.324491
0.348805
0.369282
0.386644
0.405027
0.42269
0.440933
0.457313
0.476938
first loop iteration: 0.007865
0.150333
0.172314
0.188462
0.205394
0.221523
0.23626
0.258821
0.278466
0.301819
0.319692
0.341011
0.363732
0.386543
0.409034
0.431845
0.454396
0.476727
0.498828
0.52223
0.546564
first loop iteration: 0.008466
0.132301
0.152146
0.168557
0.188272
0.206926
0.220862
0.23703
0.251266
0.271414
0.289718
first loop iteration: 0.008126
0.147891
0.168327
0.182403
0.197509
0.211254
0.225471
0.241871
0.261737
0.28019
0.296961
0.312499
0.332306
0.350299
0.372679
0.393377
0.413444
0.432177
0.450832
first loop iteration: 0.008265
0.152268
0.172535
0.187902
0.202479
0.215864
0.23065
0.246368
0.262308
0.277685
0.292914
0.308142
0.32339
0.338908
0.354326
0.369322
0.384952
0.400058
0.416588
0.434301
0.45043
first loop iteration: 0.006974
0.133784
0.156355
0.172755
0.190397
0.209902
0.227424
0.244656
0.260465
0.277686
0.294637
0.312328
0.329781
0.346982
0.366458
0.385483
first loop iteration: 0.006181
0.143952
0.165751
0.182602
0.198682
0.216043
0.232532
0.249114
0.265543
0.283506
0.299855
0.315796
0.332945
0.348193
0.36232
0.374392
0.389379
0.403455
0.419013
first loop iteration: 0.006211
0.137851
0.157036
0.171552
0.187171
0.202839
0.218067
0.233735
0.250777
0.266686
0.281312
0.295699
0.310516
0.325293
0.339929
0.355186
0.371456
0.386464
0.402864
0.418962
0.436956
first loop iteration: 0.007214
0.135457
0.159952
0.177934
0.194745
0.209
0.2249
0.241169
0.257359
0.273548
0.287564
0.299725
0.312549
0.32442
0.337234
0.350117
first loop iteration: 0.007043
0.128966
0.137812
0.145316
0.152978
0.160704
0.167435
0.173967
0.180899
0.18685
0.193342
first loop iteration: 0.006342
0.121923
0.13695
0.149542
0.161955
0.172634
0.183595
0.195025
0.206467
0.216856
0.229589
0.244785
first loop iteration: 0.006923
0.120339
0.129757
0.13729
0.145064
0.151206
0.157918
0.164401
0.171644
0.177744
0.183825
first loop iteration: 0.007584
0.103509
0.112866
0.119938
0.128103
0.134525
0.140415
0.145945
0.152087
0.158077
0.163397
first loop iteration: 0.006192
0.125108
0.141308
0.157337
0.173285
0.189035
0.200716
0.211044
0.221124
0.231042
0.242311
0.256077
0.267978
first loop iteration: 0.00576
0.127854
0.143812
0.158338
0.173607
0.188563
0.203931
0.220211
0.231232
0.242422
0.255927
0.269291
0.279801
first loop iteration: 0.006392
0.152289
0.176673
0.192882
0.209802
0.221435
0.232615
0.244036
0.258381
0.271074
0.284879
0.296901
0.30744
0.320805
0.335081
0.345381
0.359126
first loop iteration: 0.005841
0.122233
0.140617
0.15328
0.165401
0.176251
0.187011
0.197451
0.208531
0.218249
0.228567
first loop iteration: 0.006062
0.117635
0.133484
0.149452
0.166344
0.182283
0.193724
0.206556
0.21974
0.235338
0.253092
0.268699
0.284028
0.514519
0.536258
0.548751
0.562626
0.575899
0.587792
0.601636
0.61415
0.626832
0.639035
0.651759
0.66415
0.677235
0.688174
0.699164
0.710936
0.72375
0.735471
0.749056
first loop iteration: 0.006172
0.116263
0.129026
0.140307
0.150775
0.160292
0.16984
0.179448
0.189395
0.198642
0.20867
first loop iteration: 0.006592
0.121772
0.13705
0.149653
0.162176
0.173006
0.184016
0.194214
0.204883
0.215694
0.226462
0.238996
0.255897
0.275312
first loop iteration: 0.006422
0.128324
0.143953
0.156566
0.168157
0.179207
0.190437
0.201006
0.211235
0.221233
0.231141
0.240779
0.251279
first loop iteration: 0.00579
0.127272
0.141858
0.155133
0.169619
0.184236
0.198881
0.216505
0.232884
0.244254
0.275552
0.289808
0.300276
0.309764
first loop iteration: 0.006562
0.107616
0.123014
0.135518
0.14789
0.159171
0.171243
0.185208
0.197029
0.207568
0.217917
first loop iteration: 0.006051
0.132761
0.148481
0.159992
0.172153
0.182833
0.193603
0.204002
0.215554
0.227434
0.241269
0.255565
0.271154
0.284238
0.298244
first loop iteration: 0.005891
0.128545
0.14287
0.155054
0.1694
0.184677
0.199765
0.215874
0.230181
0.242093
0.255836
0.272228
0.283938
0.297183
0.312491
first loop iteration: 0.006481
0.129467
0.145005
0.1586
0.17543
0.190728
0.204713
0.215504
0.227134
0.239236
0.255646
0.268309
0.278518
first loop iteration: 0.005789
0.129877
0.145065
0.158929
0.174638
0.189625
0.204974
0.215944
0.228606
0.240729
0.256527
0.272117
0.285251
0.299276
0.311989
0.323961
first loop iteration: 0.00574
0.130748
0.145164
0.157356
0.169528
0.18097
0.194234
0.209773
0.224458
0.239706
0.250877
0.262719
first loop iteration: 0.006242
0.127052
0.141299
0.153401
0.168337
0.182583
0.19756
0.210876
0.226063
0.237373
0.250658
0.264873
0.27938
0.291883
0.308092
first loop iteration: 0.006362
0.127894
0.141859
0.152658
0.163539
0.173075
0.182753
0.192621
0.202229
0.211967
0.221644
0.231422
first loop iteration: 0.005701
0.119799
0.135477
0.147419
0.159762
0.170792
0.181883
0.192681
0.203703
0.214331
0.22477
0.23564
0.248134
