1667501245017.977051
1667501245021.553955
1667501245025.159424
1667501245028.745361
1667501245032.363770
1667501245035.898193
1667501245039.468994
1667501245043.034180
1667501245046.658203
1667501245050.205322
57.107449
60.727358
59.165001
62.704325
66.278458
69.836617
73.379755
77.100754
80.729246
84.318399
193.656921
197.371960
143.551111
143.713713
143.641949
143.641710
143.745661
143.892765
143.976688
143.833160
244.199038
144.059896
143.779993
143.703938
143.766642
143.923759
144.074202
144.093275
143.962145
143.886328
244.134426
143.995762
143.769026
143.671513
143.713951
143.849134
143.981695
143.805981
143.732071
144.230604
244.596481
144.486427
144.415140
144.510508
144.663811
144.694567
144.665003
144.625425
144.767761
144.850969
245.103359
144.390583
144.342661
144.501686
144.604445
144.361973
144.292355
144.320250
144.718170
145.148516
245.071173
144.744396
144.524336
144.494057
144.190311
144.087076
144.021511
143.994808
143.903017
143.876314
243.709087
142.994881
143.001318
143.052101
143.090010
143.088102
143.012285
143.046618
142.907143
143.101454
243.305922
143.095970
143.023014
143.055916
143.047810
142.957449
142.789841
142.952442
143.007755
143.041611
243.184090
142.990828
142.803192
142.979622
142.969847
143.169880
143.257856
143.341064
143.372059
143.375158
243.537426
143.373728
143.176079
143.354654
143.952131
144.775152
145.631552
146.354675
147.155523
147.985697
249.046326
1563.241005
1566.808462
149.135351
149.096966
149.213076
149.130344
148.833513
148.404121
147.948027
247.501135
146.356344
145.666838
145.288229
145.165920
145.158291
145.416975
145.299911
144.781828
144.378662
244.161844
143.559694
143.323660
143.206596
143.287420
143.304110
143.249989
143.237352
143.294573
143.292665
243.435860
143.206358
143.040419
143.105984
143.124819
143.165112
143.088579
143.087387
142.985106
143.182993
243.443727
143.294096
143.310547
143.364906
143.375397
143.318892
143.330812
143.389940
143.420935
143.408775
243.641615
143.503666
143.381834
143.440723
143.163681
143.506050
143.578529
143.677235
143.643618
143.584728
243.711710
143.553495
143.452644
143.365860
143.418312
143.458605
143.442869
143.315077
143.298626
143.578768
243.667841
143.718719
143.639088
143.705845
143.775463
143.789768
143.675327
143.680573
143.678904
143.812418
243.969440
143.406868
143.448830
143.370152
143.422842
143.331051
143.261671
143.270254
143.583775
143.834591
244.439602
144.480228
144.692183
85.221529
88.826656
85.754156
87.509394
89.159966
90.580225
91.951132
93.290329
94.620943
95.955133
204.923153
207.123756
123.278379
121.869087
121.864080
121.650934
121.369123
121.366501
121.279716
121.296883
223.736286
124.461651
122.666836
122.256994
122.143984
121.873140
121.481895
121.271372
121.201992
121.142864
223.744869
124.527931
122.589111
122.186422
122.103214
121.809721
121.529579
121.285439
121.262789
121.269941
224.219561
126.245499
124.347925
123.775005
123.501778
123.071194
122.708082
122.560978
122.477055
122.526407
224.958420
126.039028
123.724699
121.943951
121.838331
121.568680
121.349096
121.344328
121.322155
121.319532
223.783255
124.828339
122.996807
122.266054
122.155190
121.851206
121.512651
121.409178
121.430635
121.449471
223.891735
124.905109
122.970104
122.286081
122.199774
121.929169
121.577740
121.456623
121.425629
121.436357
223.814964
125.646353
123.626709
123.035908
122.898579
122.527599
122.192860
121.995687
121.992826
121.957541
224.452972
126.419783
126.364708
124.658346
124.309301
123.918295
123.549938
123.493195
123.437166
123.483419
226.329088
128.552437
127.104521
125.389814
123.343229
123.036385
122.985601
122.991562
122.993231
123.010397
223.784924
1392.067432
1393.899202
113.602161
115.368366
117.137909
118.675947
119.546890
119.520664
119.547367
222.028971
122.714043
122.709513
122.729301
122.630596
122.340202
121.971130
121.539354
121.338367
121.306419
223.763704
124.430656
122.611523
122.162342
122.097969
121.855021
121.553898
121.410847
121.383190
121.423721
223.867655
124.645233
122.827768
122.447968
122.351408
122.164726
121.799946
121.608734
121.551275
121.518373
223.989487
124.610186
122.933388
122.544765
122.464657
122.148037
121.845722
121.629477
121.556044
121.548891
223.936558
124.555588
122.785568
122.387409
122.097015
121.736050
121.365786
121.188641
121.044159
121.024609
223.407269
124.277830
122.569799
122.018576
122.091770
121.867895
121.542692
121.325970
121.304512
121.313572
223.756790
124.580145
122.934580
122.310638
122.164249
121.902704
121.571064
121.368170
121.292591
121.293545
223.791838
124.693394
123.045683
122.452497
122.262716
121.946573
121.585608
121.398687
121.360779
121.474743
223.930359
125.818729
125.858545
101.256371
100.010872
103.559732
107.115507
110.676050
114.247084
117.776155
121.387720
124.948740
128.512621
236.462831
240.097046
143.226147
143.166780
143.120527
143.118620
143.103361
143.085718
143.135071
143.053532
243.224621
143.038750
143.123388
143.738031
144.259453
144.405127
144.489765
144.576550
144.660711
145.080090
245.852709
145.912409
145.778418
145.884275
145.679474
145.189762
144.689798
144.489288
144.440889
144.417524
245.064735
144.606590
144.064426
143.843412
143.852711
143.840551
143.895864
143.837214
143.863201
143.857956
244.060040
143.818617
143.387794
143.201590
143.197060
143.203497
143.153906
143.169403
143.196821
143.261194
243.253708
143.238783
143.049240
143.258095
143.253326
143.223763
143.212557
143.234491
143.315315
143.152952
243.506432
143.310308
143.122911
143.335819
143.396854
143.271446
143.378496
143.465757
143.460274
143.384457
243.621111
143.406868
143.217325
143.408298
143.373728
143.354893
143.410921
143.457890
143.296242
143.262386
243.529558
143.355131
143.121481
143.246889
143.184423
143.183947
143.174410
143.204212
143.105507
143.006563
243.202209
143.140554
142.904043
143.066645
143.110991
143.576622
144.468546
145.427942
146.168232
146.013975
246.572733
1603.558302
1607.166052
140.285015
143.840551
146.616697
146.480322
146.122217
145.273209
144.328356
243.812799
143.534899
143.468380
143.412828
143.385172
143.349648
143.412828
143.397570
143.421650
143.427849
243.688822
143.292665
143.227339
143.303871
143.038988
143.245935
143.311977
143.275738
143.215418
143.222094
243.289709
143.206358
143.061399
143.120527
143.236876
143.368483
143.539429
143.507719
143.452644
143.614054
243.860245
143.834591
143.682718
143.769503
143.897295
144.023180
143.940687
143.917799
143.976450
144.105434
244.466066
144.209862
144.029140
144.225121
144.649029
144.351721
144.563437
144.520521
144.679070
144.689322
244.884014
144.684792
144.492626
144.390106
144.418240
144.192934
144.067526
144.160509
144.190788
144.074440
244.221926
144.134045
144.061804
143.984795
144.004107
144.157171
144.257307
144.235373
143.933058
143.852949
244.115591
143.922091
144.017935
143.820047
143.831491
143.959522
144.013166
143.735886
143.641233
143.768311
244.021416
143.804550
60.769081
61.710358
65.478563
69.512606
73.683262
77.777147
81.776381
85.857391
89.917421
93.848944
197.756290
147.455454
147.014618
146.898508
146.682501
146.702051
146.473169
146.218777
146.424770
146.354914
245.915174
145.570755
145.405531
145.498276
145.903587
146.356344
146.577120
146.606684
146.733761
146.752834
246.592999
145.952940
145.868778
145.857096
145.895481
145.712137
145.333529
145.366430
145.313501
145.510197
245.802879
145.547390
145.828009
146.420717
146.863699
147.330999
147.847176
148.250103
148.606300
148.514271
248.363018
147.753716
147.229433
146.735668
146.637440
146.652222
146.641254
146.429777
146.265745
146.405458
246.212006
145.601034
145.712137
146.189451
146.624327
147.069693
146.904230
147.016764
147.018909
146.940470
247.164726
147.006989
147.537231
148.058176
148.622990
148.541689
148.542643
148.458242
148.555279
148.512125
248.343468
1177.233219
1180.764198
259.283066
147.204876
147.157669
146.576643
146.491766
146.573067
146.595240
246.717215
146.102667
146.078110
145.978928
146.008968
145.867586
145.755768
146.027088
146.418571
146.642923
246.698856
146.409035
146.121502
425.076246
428.706646
143.800735
147.282362
147.750378
147.855997
147.662878
247.376442
146.701336
146.333933
146.420717
146.975517
147.377968
147.610903
147.640944
147.699833
147.657394
247.765303
147.226572
147.234440
147.224426
147.247076
146.877766
146.794796
146.886349
147.111893
146.873713
246.843576
146.171808
145.890951
145.834446
146.016359
146.478653
146.988869
147.382021
147.359133
147.525787
247.644663
147.284508
147.084951
147.486687
147.990704
148.379326
148.673058
148.741007
148.730516
148.694754
248.875856
148.110151
147.734880
147.694349
147.578239
147.362709
147.374868
147.495270
147.369146
147.374630
247.468710
147.104025
146.775961
146.719217
147.255898
147.745609
148.108006
148.370028
148.449183
148.414612
248.329163
147.535563
147.171974
146.955013
146.960735
146.883249
146.448851
146.469116
146.566153
146.462202
246.452808
145.597219
145.584106
145.611286
145.645618
146.039486
146.374226
146.945000
147.023916
147.022009
246.829510
146.161318
145.979404
146.050215
147.014856
147.379637
147.805452
147.693396
147.756100
147.624016
247.619152
147.165298
147.027016
56.983709
56.080818
60.139894
64.232111
68.204641
72.260380
76.281786
80.362082
84.396362
88.380575
192.221880
147.829533
147.510529
147.044897
146.473408
146.054506
146.197319
146.174669
146.157265
146.137953
246.199131
145.689964
145.648479
145.871162
146.291018
147.007227
147.498608
148.080587
148.104906
148.199558
248.303175
147.904873
147.586107
147.472620
147.452116
146.861553
147.075891
146.939754
147.050142
146.808386
246.510506
146.094084
145.720243
145.902395
146.175861
146.421671
146.745443
147.075415
147.089481
147.032261
66.145420
65.787554
69.786072
73.677540
77.649355
81.526041
85.483074
89.522362
93.513966
97.473145
201.561213
148.109198
147.771835
147.269964
147.268534
147.329569
147.503614
147.538424
147.668600
147.495747
247.786522
147.321939
147.028446
146.658182
146.703005
146.470785
146.436691
146.687746
146.691322
146.825790
246.563911
146.238089
145.956278
145.865202
146.157026
146.735668
147.292137
147.703409
147.815466
148.174524
248.176336
147.859335
147.993088
147.780180
148.174286
148.309231
148.181915
147.960901
147.568464
147.193670
90.676785
89.696884
93.322515
96.922159
100.524902
104.560614
108.595610
112.548828
116.508007
120.519400
224.277973
145.848751
145.555258
145.474911
145.776749
145.957470
146.304607
146.129608
146.125555
146.005392
245.598078
145.460844
145.553827
146.191120
146.695137
147.001743
147.053003
147.301674
147.429466
147.488832
247.756243
147.342205
147.315264
147.055149
146.708727
146.615505
146.525145
146.617174
146.570206
146.382332
246.506453
146.162033
146.085978
146.454334
146.584272
147.024632
147.202492
147.265196
147.277117
146.921158
76.441050
75.854301
79.927206
83.996058
87.986946
91.736794
95.696211
99.636316
103.698969
107.798100
212.043524
148.099422
147.797346
147.362709
146.784306
146.531343
146.410227
146.885395
146.837473
147.054434
247.085571
146.445274
145.839930
145.710230
145.883560
146.278620
146.951199
147.106886
147.118568
147.178411
247.337341
146.975756
147.228003
147.889614
148.341894
148.871422
148.895264
149.027586
149.085045
149.091721
249.129772
148.493767
148.158789
147.687674
146.880150
146.687031
146.720409
146.692753
146.571398
146.538734
246.300220
145.686626
145.281315
145.321369
145.802021
146.321535
146.564960
146.570444
146.594524
146.504641
246.608734
146.016598
146.022320
146.681786
147.165775
147.305727
147.245169
147.282839
147.591591
147.346735
247.166395
146.582603
146.346331
146.268129
146.027088
145.865202
145.900965
146.171093
146.134615
146.093369
246.232510
135.947227
139.439106
143.034935
146.345139
146.860361
147.154331
147.082567
147.042036
146.938086
246.124506
145.199060
144.672871
144.690275
144.702673
144.611597
144.208193
143.682957
143.359661
143.097162
