7.462740
7.092237
5.662918
9.529352
5.271673
5.221367
5.071402
5.136490
10.138512
6.119967
5.840302
6.183863
6.040573
6.110668
6.227016
5.688190
6.302357
6.123066
5.951405
5.797148
5.927563
5.636215
6.411076
6.217003
5.870581
5.748987
5.697489
5.389452
5.619526
5.698204
6.329298
5.747795
6.343842
5.656242
6.700754
6.185532
6.059170
5.886316
6.259441
5.776644
7.239819
6.094933
6.199121
6.085873
6.441116
5.989552
6.349087
6.504774
6.190538
6.610870
6.183863
6.533146
6.236315
6.472111
5.920172
5.938292
5.985498
5.860567
5.851269
6.068230
6.095171
5.856752
6.834745
5.634785
6.107569
7.093191
6.240606
6.351233
6.302357
6.283283
6.044149
6.425619
5.738497
5.448580
6.879807
5.868196
5.789280
6.627560
5.961180
5.566120
5.532742
5.357504
5.458593
5.495548
5.234241
5.539417
5.609274
6.580591
6.080151
5.555868
5.558252
5.479097
5.599737
6.586313
5.958796
6.069899
5.773306
5.930424
5.703211
5.791664
5.925894
5.458832
5.587339
5.384922
6.524563
5.760193
5.453110
5.790472
6.244421
5.857706
5.769730
5.724192
6.451368
5.846739
6.307602
5.515099
6.501436
5.646467
5.446672
5.518675
5.344629
5.875111
6.317377
6.355047
5.542755
5.697727
6.420135
5.420446
5.162239
5.360126
5.554438
5.414486
5.327940
10.492563
5.222321
6.179094
5.966187
5.609035
5.569220
5.727291
5.338430
6.402731
7.139683
6.121159
5.803823
5.722046
5.737782
5.734682
5.431652
5.790234
5.908251
5.479574
5.576134
5.511045
5.493402
5.547523
6.788254
6.550074
6.457567
5.681753
6.186485
6.495953
5.830288
7.122755
10.608435
5.558968
6.986141
6.247044
6.416082
6.395102
6.157398
5.785227
5.908012
5.956173
5.704165
6.337643
6.316423
7.089615
6.450415
5.982876
7.478476
6.302357
6.744623
6.406784
6.079674
7.116556
6.041050
6.537914
6.994009
5.983591
6.415844
6.418467
5.784035
6.024837
5.852222
5.594969
5.524397
6.458521
6.865978
6.313562
6.284475
6.804228
6.336451
6.543875
6.157398
6.006002
5.817890
5.752087
6.571770
6.172657
6.306171
6.832123
6.659508
5.930424
6.173849
5.508661
6.367445
5.924940
6.812572
6.157637
5.941629
6.000757
6.196499
5.938768
6.412506
6.156206
5.960941
5.821228
5.726337
6.230116
6.066561
5.775452
6.377459
5.934477
5.736351
6.149530
6.572247
6.044149
5.753994
5.548239
5.373716
5.504847
5.661726
5.472660
5.491734
5.825520
5.723476
5.501509
5.296469
5.844831
10.041475
6.361723
5.822897
6.020069
6.698132
5.622149
6.964445
6.131411
6.287098
5.842447
5.461931
5.393028
5.596399
6.015778
6.991625
9.456396
6.114960
6.537914
6.171703
5.813360
6.686211
5.824566
6.191730
6.193638
5.725384
6.172180
7.134914
6.257534
5.687475
6.873131
6.267309
6.431580
5.809069
6.428242
6.083488
6.688833
6.138802
6.339550
5.976439
6.632090
6.108522
6.544828
6.378174
6.566763
6.109476
6.700754
6.128073
6.199121
6.132841
6.504774
6.680965
6.294012
6.067038
6.783724
6.487370
6.249428
6.292105
6.168842
6.165028
5.991220
6.196022
6.817579
6.352663
6.054878
5.938292
6.327152
6.246805
6.314039
6.234407
6.931067
6.308794
6.183147
6.800890
6.092548
6.128311
5.746841
5.749941
6.324530
6.030083
6.030798
7.003069
6.286621
6.447554
6.044388
5.997419
6.418705
5.751133
5.828142
6.289005
6.042480
6.179094
5.782843
5.743980
6.180048
5.781889
5.991936
5.607843
5.672455
5.754948
5.764723
5.652189
6.500721
7.355213
7.052422
5.434275
5.053759
5.405903
5.637884
5.302191
5.861759
6.726265
5.601645
6.823540
6.133795
6.335735
6.170750
6.165028
6.081581
5.534887
5.578518
6.484270
6.510258
5.937099
6.440163
5.857468
6.412268
6.526947
6.003141
6.490707
6.724119
5.776644
6.489754
7.001877
6.014109
5.780935
6.051779
6.101370
6.065845
5.962133
6.092787
5.829573
6.141663
6.260395
5.873203
5.859375
7.025480
6.947041
5.570889
6.435633
6.701708
6.176233
6.977081
5.949497
5.989075
6.032944
5.916119
6.089449
6.141424
5.840302
6.224871
6.052732
5.695105
5.920649
6.043196
5.895853
6.029606
5.828619
5.978584
8.685589
7.215261
6.842375
6.979227
6.263018
7.349014
7.009029
6.625891
6.964922
6.699562
6.802082
7.109165
6.902456
6.576300
6.142139
6.090164
6.106377
6.105900
5.996466
6.083965
6.935835
6.417036
5.967617
5.966902
6.266117
5.872011
6.578445
6.227970
5.533457
7.188320
6.232262
5.708456
5.551815
6.769896
6.577969
6.273746
6.227970
5.745649
5.765676
5.615950
5.617857
5.680084
5.673885
5.673170
5.148649
5.554199
6.266356
6.545067
6.346464
6.224394
6.198883
5.774021
5.675077
5.634546
6.335497
5.744219
5.466223
7.108688
7.093191
6.142616
6.700754
6.145954
5.989313
5.697489
6.074190
5.853891
5.768061
5.921364
5.881310
5.869627
6.729126
6.844044
6.268501
6.654739
6.222486
6.074667
5.949497
6.156683
5.842209
5.784988
5.761385
5.837917
5.833626
6.746054
6.857872
6.255865
6.589413
6.319523
6.406069
6.035566
6.023884
6.941080
6.283045
6.557465
6.129742
5.940199
7.053375
6.232023
6.735802
6.012201
6.189585
6.172419
6.217241
5.967140
6.067276
6.009340
6.102324
6.050348
6.426573
6.269217
5.945683
5.761385
6.351709
6.214857
6.246805
5.882978
6.474495
6.259918
5.865812
6.198168
5.911589
6.155729
5.884647
5.672693
6.635666
5.772829
6.691933
5.812645
6.253958
6.575346
6.114006
5.602360
5.475044
5.532026
6.025314
6.007433
5.937815
5.870104
6.412029
7.199049
6.091833
5.960464
5.395174
5.509138
7.097006
5.565405
6.133556
6.226778
6.041050
6.225586
6.439447
6.177902
7.029295
6.208658
6.974220
5.921364
5.990982
6.165981
5.788803
5.228043
5.170107
5.290985
5.500317
5.681992
6.565571
6.243467
5.533934
5.542994
5.659580
5.079508
5.709410
5.857944
10.460377
6.073713
5.906343
5.637169
5.684614
5.819082
7.091522
6.202936
6.269693
6.833315
6.744862
6.307125
6.362915
8.296490
6.039619
6.692886
6.339312
6.307125
6.976604
6.364346
5.609512
6.954908
6.097078
6.161928
6.079912
6.671429
6.291628
7.069826
5.993128
6.363630
6.506920
6.226778
5.152225
6.526709
6.461620
6.219864
5.559206
6.442785
6.146669
6.778479
6.700516
5.461454
6.483555
6.207466
6.703377
6.456614
5.509138
5.530357
5.470991
5.491018
5.470276
5.346775
6.895065
6.542921
6.451845
6.193399
6.216288
5.773306
6.354809
6.300926
6.225586
6.374121
6.481647
6.157398
6.524563
6.325722
6.446123
6.369591
6.288528
6.339788
6.003141
5.543232
5.684376
5.366325
5.831480
6.516933
5.820036
5.363226
6.120682
5.423784
5.924463
6.126642
6.801128
6.444216
6.443501
6.331921
6.202459
6.219387
6.982088
6.198883
5.885363
6.312847
6.719351
7.212400
6.443262
6.272793
6.357431
6.091118
5.798578
6.318092
6.124258
5.948305
6.313562
6.812096
6.102085
6.429911
6.714582
6.176472
5.838871
6.078720
6.826401
6.361485
5.905151
5.939007
6.183386
5.740404
6.582260
6.219864
6.203413
5.809307
6.363153
6.308794
6.002188
6.214857
6.681919
6.194830
6.332397
6.136894
5.735636
6.075621
5.870581
6.763458
7.086992
6.775379
6.298304
6.191015
6.412983
6.327629
5.851269
6.051064
6.627083
6.803513
6.541967
6.817341
6.436110
5.923271
6.398201
6.011248
5.805016
6.335497
6.619215
6.181002
6.426573
6.685495
6.372213
6.200314
6.000280
5.819321
5.837440
6.233215
6.411076
5.968571
5.937576
5.857229
5.488157
5.942106
6.165504
6.778479
6.056786
6.165981
6.198883
6.621361
6.365538
5.943775
6.127119
6.100416
6.020546
6.287575
5.745649
10.364771
6.611347
6.280184
7.015228
6.348610
5.655527
6.269455
6.521463
7.227898
5.963802
6.409168
5.870104
5.861521
5.878687
5.824566
5.707026
5.905151
6.089449
5.727530
5.750179
6.275654
5.746841
6.057978
6.270170
5.741119
5.846977
5.713463
5.516529
6.044149
7.431984
6.169558
5.697012
5.573511
5.839586
5.981207
5.891323
7.193804
6.138325
5.534172
5.877733
5.894899
5.750179
5.657673
5.522013
5.610943
6.193161
6.889582
5.784988
5.898714
5.946398
5.604506
5.740881
7.318497
6.891012
6.535292
6.360054
5.487204
5.560160
6.145716
6.132841
6.011009
6.204844
5.913973
5.853415
5.524397
5.468369
5.555391
5.557299
5.319834
5.805254
5.779743
5.731821
5.941153
6.926060
6.433010
5.559206
5.448103
5.232096
5.569458
5.470276
5.552530
5.515337
6.839991
6.276608
5.824566
5.525827
5.741358
5.468130
5.781651
5.774498
5.508423
5.483389
5.569458
5.737543
5.583525
5.578279
5.574703
5.472183
5.615473
5.677462
5.531073
5.486250
5.380392
5.431652
5.517960
5.983353
6.887197
5.973816
5.710125
5.368710
5.397320
5.495071
5.795956
5.920649
5.641937
5.547762
5.368233
5.410433
5.391121
5.976915
7.560253
6.594181
5.801916
6.635904
6.690025
5.568266
5.890608
5.970716
5.756378
5.907536
6.379843
7.330418
6.104469
5.713463
6.844759
6.326199
6.407022
6.242990
6.158352
6.374359
5.441427
6.148100
6.215572
5.420685
6.398916
6.582499
7.311583
7.429600
10.452271
10.116577
7.993460
6.837606
6.173849
7.347345
6.087065
6.734610
6.857157
7.661104
6.551981
5.738974
6.116390
5.748272
6.267548
6.527662
7.005215
7.097006
8.659124
8.888960
7.203102
8.051634
7.702827
7.668495
7.710934
8.085012
8.681059
7.066488
7.366180
7.942915
7.930040
8.047581
8.106470
8.019924
9.475470
8.603096
9.054184
9.241819
9.082794
8.826733
8.225203
7.838726
7.982254
8.150339
9.883404
10.841846
10.733366
8.542776
9.286880
9.927750
8.768797
8.967638
9.093761
9.287834
9.083986
9.362221
11.339426
7.403851
8.191347
9.070873
8.535385
9.900570
8.059502
9.568691
9.286165
7.451057
7.112265
7.280588
10.051489
8.562088
7.339239
10.588646
6.975412
9.915352
6.989717
6.993294
7.068872
7.151604
6.675005
6.520987
6.788492
7.753849
9.520531
9.484529
9.219885
9.190559
9.310246
14.300108
13.069868
12.052059
12.025356
13.545990
12.040854
12.441158
11.000633
8.844137
8.732319
9.370804
7.155418
5.573273
6.435633
6.783724
6.194353
5.747795
5.923033
5.955696
6.523848
5.530834
7.005692
6.634474
6.365299
6.304979
6.573915
6.251812
6.313324
5.824327
5.569696
5.649090
5.481720
5.535841
5.572796
5.489111
5.613565
5.540609
6.016493
6.367207
6.220341
5.489588
5.555153
5.617142
5.535841
5.852938
5.541325
5.373955
5.459547
5.410194
5.508661
5.502701
5.514383
5.581856
5.389929
5.893230
7.169962
6.574154
5.599976
7.138014
8.210897
7.120371
6.556749
6.931305
6.207943
5.886316
5.579233
6.854296
6.105661
5.942583
6.727934
6.150961
6.296158
6.030321
5.707979
6.853104
6.502390
6.179094
6.422758
5.606413
6.504297
6.118298
6.152391
5.706549
5.982637
6.276131
6.114006
5.769968
5.949736
5.794048
5.689621
5.557775
5.376816
6.395340
5.469799
6.782293
6.129503
5.774975
5.824566
5.919695
5.851269
7.127285
6.331682
5.567789
6.536007
6.367922
6.448269
5.506754
6.315470
6.591797
6.216526
5.730629
5.829096
5.923748
5.697012
6.458998
5.968571
6.248951
5.795002
6.005526
6.180525
5.990744
6.221294
6.846428
6.312847
5.826235
6.127596
5.765438
6.262779
5.710125
6.529331
6.171942
6.192446
5.887985
6.174088
6.261826
6.249905
6.281137
5.723715
7.141352
6.192684
6.866217
6.030083
6.395817
6.844044
6.309509
5.990744
6.237507
6.018877
5.885839
6.454945
5.850792
5.934238
6.401300
6.304026
6.236553
6.422520
5.936623
6.368399
6.133556
5.815506
6.244898
5.587339
5.884171
6.022453
5.679131
5.857468
6.345749
5.583763
5.561829
5.578995
5.535364
5.488157
5.531311
5.977631
6.807327
6.996155
6.082773
6.099224
5.847454
5.837202
5.546093
5.427122
5.079746
6.660223
6.367922
6.411552
6.205082
5.918026
6.037235
5.944014
6.639481
6.141186
6.168365
6.039619
6.660223
5.729198
6.462812
6.716967
6.942511
6.654501
7.719755
7.549763
5.928993
7.803202
7.258177
7.601500
7.166624
5.663395
7.955790
7.286549
5.943537
7.385731
11.559010
6.218433
5.886078
5.787373
5.996227
6.914377
5.805016
6.661654
6.750584
6.593943
5.793333
6.840467
6.274700
6.365061
6.081820
5.987883
6.229401
6.082058
6.608725
6.284475
5.687237
6.956339
6.165504
5.949974
6.066561
6.670475
6.130695
6.369591
6.903648
6.098747
5.949736
6.277800
6.231546
6.051540
5.875587
7.137060
6.278515
5.611897
6.883621
6.095409
5.775690
6.635189
6.079197
6.160021
6.030321
6.081820
6.598949
6.253004
6.589413
6.152868
6.683588
6.515980
5.712509
6.753683
6.667852
6.657839
6.126404
5.525351
6.180763
6.249189
6.251574
6.057978
5.852699
5.992413
6.581783
6.197929
6.431103
6.418228
6.459475
6.201267
5.617380
6.978035
5.807400
6.691933
5.569935
5.442619
6.484509
5.520105
6.460667
5.803347
6.374836
6.164551
6.047726
5.959511
6.172180
6.068707
6.116152
5.867004
6.111145
5.979776
5.813360
5.755424
5.988359
6.138086
5.514383
5.604267
5.929708
9.814262
6.285667
6.463051
6.375074
5.904198
5.764246
5.603790
5.730867
5.581141
5.630732
5.428791
5.921364
5.959272
5.481958
5.598307
5.886316
6.639242
6.641865
6.458998
6.279230
5.734921
5.763292
5.693197
5.703211
5.324841
6.340027
10.166645
6.221533
5.892515
5.563498
5.522966
5.704880
5.772114
5.492687
5.862951
5.604982
10.615826
6.083250
5.775213
5.494356
5.607843
5.764008
5.778313
6.014824
7.263899
6.573677
5.754471
5.541086
5.631685
5.605221
5.858421
5.694628
5.631447
5.482435
6.095886
7.211447
6.752968
6.076097
6.176472
6.067514
6.271601
6.149530
5.482674
5.594254
5.550623
5.714417
5.673647
5.506039
5.664587
5.772591
5.602121
5.571365
5.335808
5.566835
5.659342
5.415678
5.655050
5.563259
5.603075
5.532026
5.510092
5.742073
6.221771
5.441427
5.445242
5.646467
5.635023
6.044626
5.680084
5.596638
5.648613
5.515575
5.566120
7.280827
6.268263
5.863428
5.538940
5.577087
5.520105
6.301880
6.868362
6.381989
5.717516
6.438255
6.559849
6.523848
6.303787
6.474495
6.436825
5.492687
5.488396
5.661249
5.870581
5.518198
6.812572
6.614208
6.626606
5.968809
5.861044
5.751848
6.000042
5.683899
6.504297
6.312370
5.677700
6.931782
5.785465
5.870104
5.836964
5.866528
5.814791
5.803347
5.894184
6.115198
6.428719
5.900621
6.063938
5.827427
5.842209
5.804777
6.204128
5.766153
5.838871
5.964041
5.913496
5.920410
6.138325
6.357670
6.379843
6.177664
6.046534
5.757093
6.169081
6.012201
6.150723
6.389141
6.135702
6.095409
5.786657
5.862951
5.759001
5.917788
6.347656
5.783081
5.799294
6.062984
6.701231
6.353378
6.995678
6.531000
6.063461
6.179094
6.355047
6.627083
6.279469
5.910873
5.922079
5.809069
5.749702
5.620718
5.848169
5.700350
6.397963
5.757809
7.018328
6.238461
5.716085
6.462336
6.132841
6.264925
6.072760
6.207705
5.883217
5.902052
5.988121
5.860567
5.142450
6.402731
5.760908
6.742239
6.044149
5.942345
5.947113
5.930185
6.300926
6.190062
6.297588
5.835772
6.154299
6.144047
5.993128
6.438971
6.378412
6.263971
5.875111
6.213665
6.249905
6.166697
6.051779
5.958319
6.449461
6.651878
6.814480
6.331444
5.853176
5.538464
5.631924
5.561352
5.578041
5.676031
5.363941
5.672216
5.526781
7.392883
6.484270
5.616188
6.825686
6.429672
6.138325
6.165266
6.559610
5.987406
6.006241
6.983519
6.805420
5.871058
5.921364
6.309509
5.781889
6.600142
6.504059
6.648779
6.334066
6.581306
6.444454
5.587578
6.592751
5.659342
6.952047
6.562710
6.192923
6.939411
6.453037
5.794287
5.873442
6.086826
6.299496
6.009817
6.233692
5.765915
6.401539
6.304502
5.769014
6.575823
6.371498
6.339073
5.808830
6.271601
5.964279
6.426573
5.780458
5.579948
6.393194
6.349087
6.342411
6.311178
5.917311
6.572962
6.747007
5.510807
6.008625
6.583214
6.538630
7.012367
5.892515
6.543398
5.939484
5.846977
5.759239
5.820513
5.872011
5.794287
5.728006
5.829573
5.877733
5.802631
6.951571
5.847931
6.808758
6.199121
6.440401
6.324768
5.739450
6.684303
5.788565
5.913019
6.550789
6.439447
6.278038
6.656408
6.303787
6.601334
6.725550
6.083727
6.428957
6.570816
6.381273
6.531715
6.788492
6.346226
5.750179
5.483866
5.470991
5.645752
5.540371
5.509615
5.524158
5.487442
5.663395
6.059647
6.745100
6.457329
5.486250
5.694628
11.544704
13.760567
8.640289
9.787798
9.290934
8.884668
10.097265
9.525299
8.217096
7.436275
6.407261
6.602287
7.309437
7.805586
6.662369
7.117033
8.006811
7.904768
7.013798
6.571054
6.884575
6.584883
6.582022
6.988764
5.732298
7.033348
6.066561
6.896496
6.662846
5.783796
6.336451
6.643295
7.283926
6.635666
8.064747
9.073973
9.185553
8.477211
8.078098
7.693529
7.731199
8.192301
8.299112
8.254528
7.082701
7.381439
7.364273
8.908987
8.892775
8.304596
8.904457
8.975983
8.615732
8.265257
8.048773
8.158207
8.074284
8.985996
8.293390
9.154081
9.674788
11.310816
10.466337
9.541273
12.109995
9.498835
9.394407
9.309530
9.419203
9.476900
9.491205
8.517742
8.050919
8.466244
7.989168
8.403301
8.374453
8.224010
6.856203
6.059170
6.035805
6.136417
5.991459
6.778240
8.378983
7.163048
7.499695
7.858753
7.629156
6.441355
6.041050
6.140709
5.641937
6.031752
6.992102
7.302284
6.322861
6.132603
5.781651
6.085873
5.921364
5.841255
5.938768
5.977392
6.458044
6.514072
6.055832
6.481886
7.893085
7.872581
12.093782
8.320093
7.488012
5.779743
7.062912
7.168055
6.717920
7.205486
8.820534
6.930590
6.568432
6.308794
6.545544
6.313324
6.474018
5.916595
6.143332
5.932570
6.028414
5.455017
6.025553
5.540371
5.647898
7.230997
6.130457
6.293058
5.882978
5.924702
5.472183
5.833149
6.606579
6.794930
6.768942
6.126165
6.403446
6.661892
6.569386
6.515503
6.697655
7.853508
7.311344
5.811691
7.859945
7.317305
7.091522
8.359432
7.761002
7.056952
7.627249
7.251978
7.093430
5.955458
5.636454
6.400824
6.723404
6.474972
7.205009
12.444973
6.774902
8.940697
9.152174
10.964870
9.264231
7.393599
6.016970
5.949974
5.992174
6.070614
6.040335
5.858660
5.964279
6.263018
7.250071
10.143518
8.584499
9.236336
7.566929
7.395744
7.264853
7.467508
7.447720
7.454872
7.429123
7.584095
8.757353
7.856846
7.384300
8.620977
7.500172
8.702755
9.521723
7.703781
8.610249
7.443428
7.738590
7.542133
7.579327
7.496834
7.257938
8.019924
8.377314
7.371426
8.736134
9.214401
9.205103
9.084702
8.445263
8.393764
9.364367
7.310867
7.510185
8.090734
8.206606
8.416176
8.425713
8.333206
8.382559
8.549213
8.223057
9.291887
8.837223
8.261204
8.235455
9.907484
9.829521
11.672258
8.955956
9.027719
9.653091
11.484623
8.494139
7.216930
9.424925
9.334803
8.709192
8.432627
7.742405
7.578135
7.896423
6.609917
7.002115
6.326437
5.728483
7.003307
6.220818
6.295443
6.001472
6.677628
5.699158
6.491184
5.901098
6.671667
6.840944
6.527424
7.961273
8.730650
7.493258
7.112026
6.470919
7.899284
6.768227
6.679058
6.904125
6.113529
6.378412
6.608725
6.092310
6.624699
6.361246
5.747795
5.773306
6.842136
6.413460
6.497145
6.267309
5.844831
6.577253
6.088018
6.441116
5.864859
6.581068
6.156445
6.308794
6.446838
6.201506
6.433725
6.941319
7.290602
8.121967
7.909536
8.865833
10.440111
15.360117
14.302015
8.852720
10.993481
8.997679
6.543159
5.789518
5.769491
5.892515
6.684303
6.030798
5.715370
11.666775
6.785631
6.299973
11.577368
5.680799
6.663561
7.325411
6.859064
7.092714
7.244587
6.811857
6.100893
6.900787
6.808758
6.214619
6.015301
5.689621
5.665064
6.201267
5.709648
5.384207
6.008148
10.512829
6.305695
6.050110
5.973339
5.996466
5.883455
6.994963
6.386995
6.317377
6.167889
5.921602
5.985737
5.951405
6.039381
5.563259
6.962299
6.512403
5.806923
6.376505
6.283998
6.455183
5.936384
5.676031
5.612373
5.686998
5.707502
6.398201
6.238222
6.129980
5.713701
6.111622
6.250620
5.827188
5.899906
6.299019
5.501270
5.340338
5.274057
5.194187
5.505085
5.411386
5.448103
6.326437
5.985498
5.301237
5.523443
5.561590
5.621433
5.815268
5.563736
5.603552
5.414009
5.639553
6.006718
5.914450
5.975962
5.925894
5.965948
6.144047
5.732536
5.828619
5.983829
5.894661
6.219864
7.127047
7.346630
7.486343
8.078575
7.308960
8.377075
9.193182
9.882927
7.718086
7.902622
7.295847
7.122993
7.316113
5.982637
7.020473
6.206989
6.002903
5.798817
5.167723
5.623341
6.213665
5.518198
6.272554
6.343603
7.432938
6.844521
6.466389
6.171942
6.571054
5.800009
6.317854
6.215334
6.155968
6.777763
8.050442
10.732889
6.871700
7.025242
7.266760
7.277489
7.320881
7.708788
8.891821
7.457495
8.611679
7.332325
8.253813
9.115458
10.332346
9.183645
9.689808
9.131670
9.345531
9.211302
8.256435
8.716345
8.252382
8.750677
9.092569
8.306980
8.511305
8.534908
10.534048
10.255575
8.998632
9.027481
8.506536
9.048462
8.286715
8.753777
9.454489
7.258654
7.550478
8.452654
8.793831
8.718967
9.344339
8.934975
8.784533
8.151531
7.965803
8.967161
8.814335
8.349657
8.522749
8.360863
7.896423
8.705616
7.520914
9.251595
9.249687
7.916927
7.891178
6.578445
6.367445
6.603241
5.452871
6.673098
6.032228
5.587339
5.870819
5.568981
5.945921
5.944490
6.150723
7.053375
6.080389
5.769491
5.350113
5.538464
5.786896
4.997015
5.613089
6.224871
6.115437
6.048441
6.258249
6.009102
5.955458
6.224871
5.963564
5.929470
5.890131
5.948782
5.917549
6.007671
5.811930
6.018877
6.906509
5.712032
5.331278
5.603075
5.544901
5.614758
5.601168
5.137920
5.959749
6.258011
5.720854
6.092548
5.876541
5.512953
5.643845
5.865574
5.442858
5.526304
6.041050
5.934238
6.110430
5.917788
6.022930
7.022619
6.486177
5.834579
6.839752
5.898476
6.306887
6.387472
6.521702
6.513834
6.590605
6.576777
6.076097
6.042957
5.953074
5.762100
5.777836
6.062508
5.900383
6.342173
6.171465
6.001949
6.006002
6.085634
5.757570
5.773067
6.256819
5.911589
6.101370
5.823135
5.663872
5.693674
5.982876
6.823540
6.045341
5.779505
6.476402
6.060362
5.925655
6.275654
5.740166
5.776167
6.271362
6.089926
6.227732
6.380796
6.000519
6.428003
6.242990
5.676985
6.428957
6.153345
6.922245
6.306887
7.178783
6.564140
5.623817
6.620407
6.905794
6.609917
5.731344
7.046223
6.297588
6.096363
6.037951
5.923986
5.891323
6.164551
6.258488
6.040335
5.986214
5.881310
6.140947
6.113768
7.181168
7.030010
6.424427
5.723000
6.367922
6.183386
5.956650
6.275892
6.196022
6.530046
6.248236
6.553411
5.973577
5.887032
6.137133
6.047726
6.123543
7.005692
5.993843
6.016731
6.927252
6.049633
6.736994
7.586479
6.738663
6.143093
6.183386
6.072044
6.181479
6.356955
6.026268
5.748987
5.962133
6.075859
5.812168
5.528688
5.456686
5.444765
5.694628
9.962320
6.681442
6.025791
7.087946
6.199360
5.950689
6.205320
6.394148
6.166697
5.940199
6.021023
5.966663
6.140709
6.157637
6.088972
5.795240
6.317854
6.160975
5.553722
5.304337
5.489588
5.565882
5.642653
5.676270
5.715132
6.076574
6.920099
6.775141
6.438494
6.782532
5.558491
5.949974
5.419016
7.682800
6.037235
5.837917
5.935669
6.429434
6.588936
6.342649
6.150246
6.072044
5.860090
5.707264
5.648375
7.092714
6.922245
5.604982
5.635738
6.102562
6.195784
5.881310
6.419659
6.067038
5.860806
5.896091
6.806850
6.326199
5.627632
5.844355
5.738735
6.282091
5.551338
5.421877
5.512476
5.817652
5.718231
6.481171
6.369352
6.120920
5.877972
6.145716
5.782843
5.382538
5.787611
6.821394
6.662130
5.657196
5.335093
7.557392
6.583214
6.157398
6.237030
6.333590
6.693840
6.375074
5.812168
6.463766
6.154537
6.677866
6.169558
5.956650
5.960464
5.935669
6.060600
5.631685
6.394148
5.674839
5.801678
6.721735
6.691933
6.313324
6.556988
6.289959
6.422758
6.254673
6.200314
5.568981
6.424189
6.132126
6.149530
6.824970
6.088257
6.385803
6.193161
6.865978
6.112814
6.752968
7.477045
6.025553
6.141901
6.098032
5.798340
7.349491
6.106138
5.839825
7.054567
6.082296
6.287336
6.574631
6.234407
6.025076
6.034136
5.964041
5.978584
6.486893
6.052732
5.830526
5.637407
6.469727
6.824017
5.846262
6.214380
5.668402
5.578995
6.823063
5.630255
6.382227
6.501436
6.070375
6.342411
6.034136
6.917477
6.476641
7.012844
5.883694
5.812645
5.766153
5.678415
5.699873
6.224871
6.819487
7.388592
8.363485
7.446289
5.813122
7.902145
7.176876
7.490635
7.544279
7.543325
7.623196
7.477999
6.056309
6.246090
5.903482
6.979465
7.528782
5.732536
6.744862
6.951332
6.481409
6.260633
5.810738
6.098986
5.836010
6.483078
5.973816
6.535530
6.258011
6.112576
6.076336
6.014585
6.271362
6.111622
6.325245
5.802393
7.170439
6.172657
6.804228
6.026506
6.354570
5.957365
6.093740
6.105900
6.976366
6.201506
6.178856
6.142139
6.124258
5.995512
6.271839
6.212711
6.128550
5.924463
6.053448
6.103039
6.024599
6.011248
6.067753
6.022692
5.934954
6.027699
5.953789
6.026745
5.943775
5.974770
6.001711
10.756969
6.806374
6.239891
5.727053
7.356644
6.978273
7.597923
6.898165
6.839514
7.092237
6.381035
6.084442
6.890774
7.411242
7.428169
7.331133
8.119345
7.233143
7.549047
6.643772
7.612944
7.112980
6.558657
7.122517
6.758451
6.943941
6.381035
8.109093
7.756472
7.859230
7.486343
6.420612
6.410599
6.198645
6.193161
6.077051
5.931616
6.014347
7.824183
7.256508
7.849693
7.265091
7.206917
6.885290
7.615089
6.732464
7.149458
7.303238
7.383823
7.019758
6.819010
7.520437
6.914854
7.391453
7.165194
7.227182
6.915092
7.298231
7.032156
7.632017
7.269621
5.952597
6.995201
5.646229
6.985188
6.971598
6.424427
6.316185
6.123304
6.447077
6.766558
7.424831
7.539988
7.313728
7.204533
7.676363
7.500648
6.250858
6.719828
6.333828
5.869865
5.564451
5.551815
6.362677
6.304979
6.958961
6.299019
5.506277
5.607605
6.156206
6.581783
6.785154
6.310225
6.316900
6.069422
6.246328
6.791830
6.956100
6.851912
5.884886
6.328583
5.551577
5.258083
6.739378
6.101847
7.725477
6.907701
7.057667
6.864309
7.606268
7.617235
6.340027
6.569386
11.578560
6.929398
6.181955
6.088257
7.514477
7.215261
6.070375
7.321835
7.449627
6.356239
7.231474
7.475138
7.477283
7.391214
6.281853
5.935192
5.498409
6.618500
6.098509
6.225348
5.736589
5.867243
5.399227
5.975246
6.710768
6.405830
5.587101
5.736828
5.694389
7.266998
7.637978
6.933689
6.847382
5.954266
7.042408
6.652117
6.244421
7.449627
7.316589
6.922245
7.652283
7.075787
6.033421
7.601976
6.110907
6.940126
6.879568
7.041931
6.989002
6.685257
10.244846
8.095741
6.215811
6.177902
6.295681
7.531881
6.106377
7.325172
7.581949
7.307053
7.400751
6.428719
7.321835
7.428646
7.301807
7.087231
6.812334
6.738186
6.380558
7.716656
6.427526
7.877350
8.923531
8.826494
8.270264
8.259296
8.219481
7.715225
7.725477
6.423712
6.516457
6.208897
6.167889
6.249666
6.029367
6.280422
7.404804
7.549763
6.403685
6.215334
7.927656
7.024765
7.668495
7.944345
7.897854
7.914782
7.935524
8.294582
7.340431
8.637428
7.322788
7.776737
7.869720
8.108139
9.555101
9.242058
7.428169
7.746696
7.706881
7.847548
8.353949
8.104086
8.454561
7.425785
7.359982
7.408619
8.860826
7.259130
8.557081
7.263899
8.241653
7.240534
7.335424
7.419825
8.639812
7.089376
7.748604
7.651329
8.230209
7.951498
8.206844
7.788658
7.638454
7.203579
7.336855
8.103609
11.970997
11.153221
10.553837
7.418633
6.072521
7.095575
8.518219
8.068085
8.859396
8.689165
9.243488
8.935452
9.102345
8.642435
7.856131
7.920742
7.145166
7.339716
7.858515
8.889437
8.647442
8.327723
6.569624
5.443573
6.500483
6.911516
5.631447
5.702019
6.417990
6.979942
6.396294
5.991459
6.294727
5.612850
5.940914
5.636930
6.271362
6.482840
6.191015
6.930113
6.895781
6.756306
7.739544
7.391930
7.365227
7.305384
7.354975
7.257700
6.963730
7.240057
7.288456
7.287025
7.136822
9.620905
8.092642
8.177519
9.202242
8.749723
8.152485
8.151054
8.330584
8.160830
7.519007
7.592916
7.488489
7.367373
7.484913
7.383108
7.626534
7.563353
7.475138
8.068085
8.934498
7.912874
7.929802
8.131742
7.905960
7.826328
8.073092
8.203745
7.668257
7.718325
7.805824
7.851124
7.795811
8.122921
7.906199
8.035898
8.333921
7.901192
8.059502
8.046389
8.606911
7.177830
8.704185
6.967068
7.563829
8.243561
7.609129
8.548260
8.342981
8.436680
8.719444
8.610725
7.984877
8.044958
7.490158
7.810593
7.498264
7.396698
8.070946
8.055687
7.618189
6.777048
6.304502
6.979704
6.000996
6.957769
6.429195
7.589340
5.973101
8.027792
7.284164
7.529020
7.222652
7.476330
6.599903
6.205320
7.177353
7.734776
6.294250
6.085396
6.309509
6.171942
6.550074
6.633759
6.343365
5.711794
7.799625
8.186102
7.004261
7.453918
7.322550
7.163525
6.956577
7.094622
7.529259
10.009766
6.231546
6.410360
6.713152
6.422758
6.538391
6.091833
6.192684
5.643129
6.013155
5.913734
5.697012
6.217480
6.024361
6.020308
6.126165
5.956650
5.965471
6.882429
6.619692
5.707502
7.479191
6.667614
5.996943
7.642984
7.475376
7.903099
7.761002
7.383585
7.496834
7.759094
7.738590
6.939173
6.486654
6.110668
6.893635
7.287979
6.931067
6.508112
6.514072
6.880999
7.887363
7.210255
7.817030
7.011890
7.740736
6.292343
6.772041
7.536650
7.258654
7.609606
7.161856
6.168604
5.915403
5.958796
6.098986
7.877350
7.445335
7.109880
7.483721
7.331133
7.390499
6.514788
6.147623
5.882502
5.885839
6.136179
5.640745
6.664753
6.716251
6.284714
6.565571
6.056309
6.420374
6.170750
8.112431
7.155895
7.787228
6.875277
5.734444
5.859375
7.342339
7.776737
6.452799
6.183624
6.935358
7.144213
6.706715
6.570578
6.828547
7.462978
7.596970
6.459475
6.356001
6.567001
7.047176
7.112980
6.695032
6.712675
6.998777
6.700039
6.864309
6.860971
6.742954
6.886721
7.077932
6.787539
7.973671
7.953882
6.279945
6.377459
6.105423
7.041693
7.218838
7.633686
7.711172
6.242275
6.330490
6.371260
7.417202
7.354259
6.677866
6.797552
6.718159
6.726265
6.783724
6.910324
6.780148
6.838083
6.966352
6.641626
8.260489
6.977558
6.582737
10.158062
6.440163
6.075144
5.437136
5.655289
5.583525
5.720615
6.010771
6.118059
6.225109
6.129026
5.772829
6.122112
6.168604
5.750895
5.948305
6.262302
5.832911
5.944729
11.236668
9.891033
9.869337
6.603718
6.263256
6.081104
6.088495
6.121159
6.460428
6.836414
6.918907
6.739378
6.572247
6.531000
6.759644
6.412029
6.083012
6.235600
6.304264
6.205559
6.511211
6.156683
6.321192
6.181479
6.330729
6.392479
6.110668
6.651878
6.894112
6.596804
6.749392
6.837606
6.611109
6.749868
6.658316
6.604433
6.633043
11.043787
6.764174
7.055044
6.984949
7.618189
7.194996
7.449627
7.255316
7.209778
6.965399
6.958961
6.913900
7.500648
6.646395
7.414818
7.303476
7.148266
6.327629
7.153988
7.097006
7.308960
7.205009
5.744219
7.646084
7.076025
7.270575
6.088018
7.229805
7.181406
7.533550
7.174969
7.563829
7.346392
6.034851
8.132219
6.205797
6.162882
7.086039
7.563114
7.198095
6.120682
5.465508
5.369186
6.480217
6.365061
6.258488
5.821705
6.871223
5.841017
6.780624
6.160259
6.612778
6.161690
5.764484
5.509615
5.811930
5.451202
5.587816
6.215334
5.682707
5.968809
7.163048
6.092072
6.691217
6.283045
6.161213
6.305933
6.370306
5.928993
6.150484
6.757021
5.902529
5.868435
6.154060
6.260872
5.948305
5.965233
5.993366
5.810499
5.954027
6.228209
5.786896
5.969524
6.494761
6.054878
5.967140
6.892920
6.432533
5.852222
6.041527
5.976915
5.847454
6.283045
6.266356
5.912066
5.949974
6.992817
5.566597
6.274700
6.225348
6.024599
6.153107
5.601883
6.117821
6.346226
6.068707
5.756140
6.138802
6.019354
6.922007
6.842613
6.219625
6.443262
6.329060
5.861044
6.741762
6.106138
6.180763
6.205320
6.101608
6.611347
6.994486
6.190062
6.618261
6.289959
6.535053
6.219387
6.502628
6.363392
6.100655
6.280661
6.401300
6.833792
5.741596
6.688356
5.753279
6.723642
6.294489
6.334782
6.317139
5.957842
6.274223
6.456614
6.180048
6.220579
5.652905
6.412983
5.917549
6.384134
6.442547
7.128000
6.172657
6.422043
6.502628
6.205797
5.832672
6.476641
6.122589
5.684137
6.652117
6.826162
6.232738
6.285191
5.572081
6.537676
6.547928
6.981850
6.305695
6.608009
6.244659
6.691933
6.268501
5.807638
6.008387
5.810976
6.643295
7.144928
6.285667
5.942106
6.507158
6.098509
5.820036
5.632401
6.870985
6.374836
5.595446
6.299019
5.926371
6.776094
6.128550
6.095409
6.409407
6.456375
6.120682
6.671906
6.054878
6.555080
6.148100
6.627798
6.030798
6.021261
5.811214
6.811380
6.423235
5.877256
5.905390
5.992174
6.331921
6.016254
5.928755
5.941153
7.010698
6.186724
6.139517
6.127596
6.293058
5.816460
6.358385
6.090641
6.080151
6.277323
6.251335
5.784035
6.409883
6.537199
6.289244
6.397963
6.555080
6.742239
6.293535
9.201050
5.619526
5.864620
5.861282
6.008148
6.373644
6.159782
5.629301
6.894112
6.215811
5.668879
6.501436
6.345749
6.729603
6.403923
5.571365
6.681681
6.177664
6.396770
6.507158
7.004023
6.284714
6.054640
6.304502
6.907463
6.243944
6.598949
6.387711
5.983114
5.851269
5.809784
7.035255
6.439686
5.722761
6.383896
6.834745
6.213665
5.869865
6.403446
6.279945
5.802870
7.046223
6.091356
6.575823
6.328583
5.845547
6.922722
6.192446
5.799532
6.932259
6.386757
6.382465
6.341219
5.770922
5.695820
5.844116
7.217646
6.237984
6.392956
6.091356
5.981922
6.811142
6.259203
6.527901
6.178856
6.462336
6.155014
6.602764
6.052256
6.667614
6.273031
6.137848
6.269693
6.810188
6.226540
5.859137
6.127119
6.120443
5.754948
6.543636
6.701708
5.889416
5.926371
6.416798
5.980492
6.154299
6.193399
5.846262
5.996704
5.998373
5.823135
5.951643
6.078720
5.811930
6.690025
6.828547
6.575823
6.695509
8.359432
7.976294
6.125450
6.397724
6.255627
6.990910
7.076740
6.425619
6.832123
6.931782
6.620884
6.540060
6.274462
6.431580
6.841421
6.620407
6.558180
6.709814
6.553650
6.559134
6.743193
6.760597
6.941319
6.930351
6.672621
6.723404
6.677389
6.120682
6.514788
11.078119
5.982637
6.060362
6.154537
5.672932
5.550861
6.955862
6.296873
5.475044
5.203724
5.923748
6.303310
6.074905
5.810976
5.771875
5.913258
5.728245
5.563974
6.755352
6.525993
5.505800
7.368088
7.504225
7.033825
7.347345
6.127119
5.727291
5.677938
5.847454
6.586552
6.454945
6.159067
6.057739
6.151438
6.281853
6.513834
6.170273
6.114244
6.555557
6.363869
5.798578
6.355286
6.521225
6.589651
6.756783
6.284952
6.829262
6.677151
6.214142
6.808281
5.969763
5.871296
6.197214
6.357670
5.703211
5.896330
6.426811
6.041050
6.108046
5.759478
6.139994
5.882502
6.555080
6.267786
6.013393
5.920649
5.993366
5.954504
5.872726
5.819321
6.134510
6.270170
5.798578
5.867243
6.042004
5.903721
5.741596
5.708933
5.447149
5.635977
5.648613
5.585432
5.757809
5.756855
5.769253
5.535126
5.707502
5.543947
5.536556
5.575418
5.627394
5.748272
5.676746
5.877018
10.215521
6.430864
5.937576
5.596161
5.660295
5.859613
5.372524
6.209850
10.501862
7.230759
6.301165
6.211281
5.920887
5.676746
5.839586
6.891489
6.481647
5.688906
5.760908
6.277323
5.859852
6.267309
5.671501
6.218910
6.510496
6.604671
6.246090
6.394863
6.184816
7.047415
6.736517
6.047010
5.992174
6.211758
6.104231
5.894423
6.073475
5.946398
5.241156
6.476164
6.229162
6.162167
5.716562
6.318569
6.081104
6.698370
6.288528
6.354809
6.087780
5.846977
6.081581
6.163120
5.908489
5.800962
7.061481
8.246660
5.870342
7.514954
8.348465
8.342981
7.738829
10.522604
9.737730
7.098675
5.959988
6.194115
5.883455
5.991459
6.316185
6.299019
6.897211
7.061958
6.894112
8.497000
8.262157
8.064508
7.261753
7.074594
7.479906
7.099628
7.276297
7.375956
7.163286
7.123470
7.565260
7.942677
8.103609
7.849932
8.119106
9.294987
8.418083
8.765936
8.287907
8.012772
8.052588
8.091927
7.748365
8.058786
7.986784
8.441687
8.034706
7.637978
7.148743
7.314444
8.901119
7.197142
7.330418
7.338524
7.173777
8.923054
8.432865
7.970572
8.849382
8.876801
9.010553
9.149075
8.965731
8.003712
8.848667
7.919312
7.888079
8.720398
8.728981
9.218931
9.212017
9.962559
10.348558
9.315729
9.205103
8.961201
8.762598
7.561922
8.539200
9.725809
8.403063
6.937742
7.910252
7.770061
8.355856
9.124517
9.332657
8.934259
7.061720
5.654335
5.935431
5.897522
5.893946
6.232738
6.310463
6.373644
10.090351
10.046959
5.419731
5.826712
5.741835
5.626440
5.617380
5.554199
7.309675
7.620335
6.939888
6.947994
7.852554
7.912874
7.699490
7.354021
8.970737
7.079601
7.426739
7.667542
7.776022
8.591413
8.968830
8.471012
7.970333
9.769201
9.938717
9.274721
9.170532
8.951187
8.096218
8.423090
8.942842
9.804964
8.793592
8.075237
11.516333
8.650780
8.446455
8.156300
8.356571
8.437634
9.706974
7.893324
8.852720
7.657528
8.555651
8.375406
8.496761
8.519173
8.532047
7.330179
7.607937
8.629322
8.358002
9.394407
8.173943
9.209156
9.317398
8.547306
9.102583
8.241653
9.276390
8.527279
10.342121
8.447409
8.352995
9.529829
8.360386
9.348869
8.603096
8.271217
9.232521
9.163141
9.465456
7.772207
6.793976
7.109165
6.059647
6.716967
5.821943
6.047726
6.651878
6.456375
6.342649
6.095648
6.639004
6.238937
6.316662
5.903482
5.887985
6.413460
5.597591
4.996300
6.667137
6.210089
5.714178
6.067753
6.332874
5.825758
5.816936
6.165981
5.906820
6.067753
5.894423
5.847692
6.137848
6.090879
6.004572
5.970955
6.011963
5.961180
5.595207
5.422354
5.503416
5.636930
5.504370
5.611420
5.754709
5.475283
5.747557
5.452156
5.901575
6.520987
7.575750
8.887291
7.228613
6.436110
6.641865
5.984306
6.730795
6.067753
5.655050
5.140781
5.589962
6.833553
6.215334
5.909443
6.097555
6.470680
6.294489
6.028175
6.054163
6.470919
6.196260
6.286621
7.762432
6.493807
6.661892
6.120920
6.943464
7.035494
5.680799
6.233931
6.802797
6.613255
6.494522
5.978584
5.997181
6.079674
5.870581
5.660295
6.468296
6.453514
5.917549
5.914688
5.481720
5.560875
6.822586
10.784388
6.720304
5.662680
7.168293
6.756783
5.957365
6.516933
6.452799
6.737232
6.096601
6.263256
10.477781
6.560564
6.845474
6.550312
6.288767
6.183147
6.210089
6.307364
6.603003
6.418228
6.315947
6.630421
6.371021
6.245852
6.690502
6.381750
7.067680
6.541014
6.211519
6.318092
5.751133
5.521059
5.401134
10.806799
6.510496
6.339550
6.118774
5.777836
6.499290
8.212328
6.584406
7.068396
6.184101
8.391857
7.757664
9.887695
7.396460
5.852461
5.644321
6.046295
5.555868
6.055593
6.425619
5.876303
6.927490
6.212711
6.250381
6.055355
6.640196
5.983114
5.948067
6.079435
5.479813
5.998611
6.781578
5.870581
5.706310
6.063938
5.469322
6.106853
6.341219
5.217314
5.538464
5.522728
5.583286
5.749464
5.437374
5.711794
5.379438
5.435467
6.757259
6.156445
5.503416
5.910397
6.421804
6.418467
6.426573
6.463289
5.375862
6.461859
6.170511
6.444454
5.921602
5.949259
6.165504
5.550146
6.445885
6.477118
5.797863
5.841494
6.245375
6.118536
5.974054
6.066561
5.904675
5.961180
6.017685
5.835533
6.079435
6.307125
5.939722
5.443335
5.619764
5.849600
6.015778
10.927916
7.228136
5.990744
6.212473
6.216288
6.162405
7.279634
7.210255
6.621599
6.939888
6.593227
6.632090
6.755590
6.738663
7.692814
7.432222
7.568836
7.883310
6.484509
7.325172
7.112026
6.805182
7.025480
6.935120
6.636620
6.877422
6.726265
6.673336
6.792545
6.575108
6.583929
6.794214
6.677866
6.877661
11.111975
8.188248
7.578611
7.306337
7.263184
7.359028
7.451534
6.684780
7.653713
6.276608
6.847382
5.864859
6.520271
5.936861
6.523609
6.264448
5.766869
6.110907
6.073713
5.910873
6.368876
6.612301
6.139994
6.557465
7.081270
6.071806
8.178711
8.414745
6.970406
10.069847
5.697966
5.821705
5.801916
6.475449
6.578922
5.735159
5.796432
8.399248
6.754875
6.153345
6.115913
6.155252
5.417347
5.526066
5.664587
5.483627
5.509615
5.560398
5.539417
5.550385
5.507946
10.081530
6.157160
6.093025
6.523371
5.793571
6.418467
6.356716
7.114887
6.143570
6.301403
5.790234
6.531954
6.211042
5.760193
6.487131
6.813526
6.086826
6.127834
6.005764
7.349253
6.359339
6.114721
6.271839
6.245852
6.504774
5.403757
5.377054
5.508661
5.430222
5.618572
5.674362
5.542755
5.676031
5.582094
5.686045
5.574226
5.501747
5.877018
5.705118
5.666971
5.821705
5.596876
5.754232
6.943464
5.968571
5.866051
5.527258
5.786657
5.751371
5.656242
5.922079
5.775213
5.531549
5.687475
5.636215
5.703688
6.035328
6.818771
6.048918
5.727530
5.367517
5.546570
5.671024
5.494118
5.969524
5.815268
6.157398
6.309271
5.945683
5.527735
5.767107
5.541801
5.750656
5.801916
6.083250
6.878614
6.060839
5.703211
5.574942
5.784512
7.803679
6.372213
5.707264
5.545616
5.659580
5.182505
5.813122
6.356716
5.465508
5.744219
6.051064
5.918503
5.584717
5.323172
5.528212
5.828619
5.640268
5.544662
5.529881
5.951881
7.128716
6.063938
5.616665
5.632162
5.437851
5.552530
5.939245
5.991697
7.564306
6.784439
5.925894
6.180763
6.881475
6.082058
5.930901
5.806446
6.658554
5.979061
5.642891
5.510330
5.580187
5.551100
5.452633
5.628109
6.830931
6.761789
5.859852
5.599737
6.285191
6.846666
6.254911
5.850077
5.825520
5.656719
5.795479
5.998850
5.906105
5.507708
5.532265
5.553246
5.575180
5.867481
5.622864
5.780458
5.563259
5.645037
5.561352
5.532503
5.729914
5.634308
5.580664
5.802631
7.815123
6.595135
5.939484
6.064415
6.378174
5.959511
6.585836
6.623030
6.689072
6.876707
5.133867
5.778790
6.521702
6.475925
6.163597
6.795406
6.289959
6.467819
6.575346
5.759478
6.422758
6.027937
6.067038
5.903721
5.837679
5.600214
5.982637
6.251335
5.995750
5.889177
5.390882
5.748272
5.549192
5.749226
5.806446
6.489277
6.516457
5.699635
5.517721
6.483078
5.748034
5.633831
6.488800
5.542517
5.720854
6.177187
7.109880
6.360292
6.031036
5.809069
6.109238
5.254269
6.611586
6.681204
6.580353
5.516291
5.504608
6.339788
6.099463
6.041288
6.804705
6.242990
6.136179
6.110430
6.249666
5.646229
5.776882
5.829573
5.725622
5.476236
5.746126
5.901098
5.594730
5.465984
5.542278
5.550385
5.688429
5.674601
5.687952
6.024599
7.115841
5.705357
6.048918
5.571365
5.774736
5.596876
5.431175
6.200790
5.622149
5.484581
5.504370
5.409479
5.805492
5.749941
5.532980
5.578518
5.531549
5.622864
5.865812
6.415129
6.809473
6.054640
5.432606
5.768776
5.885124
6.196976
5.568743
5.499840
5.629539
5.717278
5.684376
5.713940
5.615711
5.599260
5.507946
5.432367
6.041765
6.092072
6.155252
6.096840
5.594015
7.110596
5.976915
6.387472
6.158113
6.807089
6.346464
6.708622
5.846024
6.036758
5.838394
5.956650
5.724430
6.087303
6.114244
5.850792
6.231070
6.537437
6.581783
6.446123
6.397963
5.943775
6.489754
6.883621
8.411407
7.260561
6.796837
6.524801
6.720066
6.770134
6.016254
6.564379
6.156206
6.115913
6.295681
6.039619
6.128311
6.077051
6.020546
6.102562
6.103992
6.127119
6.389141
6.557941
8.844852
8.374929
5.404949
5.670071
5.829334
6.630421
6.503105
5.737305
6.198406
5.115509
5.532026
5.776882
5.898952
6.645918
6.206512
5.772829
5.786657
5.259752
5.785704
5.839109
5.665541
5.436182
5.583048
5.763292
7.101774
6.330490
6.760120
7.038832
6.330252
6.032467
5.432844
5.465984
5.385876
5.500793
5.824804
5.508661
5.828619
6.262302
6.316900
5.618334
5.204439
5.628109
5.880117
5.487680
5.504131
5.399704
5.556107
5.667210
5.648375
5.685091
5.426168
5.586863
6.014347
7.057428
6.044626
5.727768
5.629063
5.303621
5.580187
5.771875
5.835056
5.606651
5.423307
5.519867
5.764008
5.469322
5.710840
5.506754
5.567551
5.689144
5.460262
5.783081
5.609989
8.349419
6.836891
7.150650
6.113529
6.453276
6.145716
6.287336
6.355524
6.759167
6.100416
5.757809
5.968094
5.861759
5.888224
6.395578
6.331444
6.011248
5.671263
5.367279
5.334616
5.646229
5.318880
5.687475
5.685091
5.581856
5.344152
5.690575
5.551577
5.548239
5.641937
5.465746
6.308317
6.268263
6.373882
6.218910
6.221771
6.544352
6.891012
7.608414
6.896257
5.748510
5.512476
5.692482
5.782843
5.872965
5.770206
5.994797
8.173227
7.062435
6.196737
6.023884
6.596088
6.396294
5.706787
7.380247
6.681681
11.149645
10.138750
7.531166
7.165194
7.387161
8.540392
6.740808
5.789518
5.150795
6.103992
6.228209
6.176710
5.706549
5.960226
6.143808
6.072760
6.457090
5.880356
6.909370
8.219719
7.213831
6.523609
6.645441
7.240295
7.307053
7.424831
7.449389
7.431030
7.345200
7.512569
7.549524
7.310152
7.364511
7.335186
7.814169
9.271145
9.322166
8.346558
8.201599
8.190155
7.504940
8.814096
8.314371
8.531809
7.724285
9.107113
8.433342
9.470940
8.971691
8.832455
9.138346
9.136915
9.199142
8.383512
8.310795
8.095980
7.406473
8.134365
8.210659
8.436203
8.996248
8.270741
9.056807
8.478403
8.553028
7.900238
8.502960
8.312225
8.904696
8.484840
8.717537
9.678125
9.202003
9.491920
9.099960
9.288788
9.566784
8.829832
8.947849
8.984089
7.525444
8.191824
8.039474
7.891417
8.775473
8.171797
7.664919
7.216692
7.571936
6.435394
6.146669
6.324768
6.389618
5.879641
7.322788
6.264210
6.251335
5.998611
5.963326
6.436825
6.344080
6.067038
6.648064
7.281780
7.303715
7.593870
8.137941
7.214546
7.256746
7.994413
8.029938
7.371902
7.803917
7.879019
7.852554
7.887363
8.190632
8.719444
8.867264
8.587360
8.547068
7.920027
8.130550
8.966684
8.164883
8.352041
7.942915
7.927418
8.435249
8.087158
9.181261
8.968830
8.858204
8.666515
8.107901
8.696318
8.985758
9.123325
9.120941
10.239363
8.610249
7.897615
7.600784
7.653475
8.234262
8.144855
8.260489
8.353710
8.174419
7.965088
7.879734
8.041382
7.587910
7.682323
7.749557
7.680893
7.755995
7.487535
7.503986
8.553028
8.197784
8.512497
8.310795
8.267641
8.306742
7.247210
7.315397
7.563829
7.579327
7.584572
9.311676
9.388208
6.630421
6.290674
7.827520
7.196903
11.237144
6.091595
5.607843
5.682707
5.935192
7.053375
6.331682
5.752325
5.722523
8.272409
7.323742
7.800817
7.013321
6.150723
6.073952
6.676912
6.505728
6.611109
6.268501
6.522655
11.218548
5.912781
6.140471
6.349564
6.300449
5.975485
6.247282
5.968332
5.909681
5.658627
6.593943
6.804705
5.854607
5.857229
10.247707
6.386518
6.247997
5.929232
6.181717
5.966187
5.997658
6.256104
6.269455
6.180525
5.797148
6.956100
6.071091
5.572796
5.692244
5.641699
6.285191
7.035255
6.088257
6.187201
5.964518
5.713940
5.988836
6.935596
6.145239
5.809784
9.953499
5.964279
6.225824
6.053925
5.750179
5.745173
6.285429
6.058693
6.452322
6.469727
5.883455
5.922794
5.578995
5.363941
5.814314
10.266066
6.251097
5.767822
5.804300
6.223917
6.602764
6.068468
6.277800
6.083727
6.335974
6.258488
5.941868
6.186247
9.989500
6.745100
6.413460
6.245136
6.262302
6.379843
5.966187
6.070614
5.898476
6.502151
6.160259
6.222010
6.215572
6.389380
6.629944
5.995512
6.387949
6.100416
6.288528
6.236315
5.966187
6.195068
5.951881
5.882263
5.631447
5.783558
5.713224
5.736113
5.712986
10.876417
6.280899
6.068945
5.606651
5.840063
5.762815
6.349802
6.604195
5.793571
5.887747
5.866766
7.179976
7.098436
6.325483
6.233215
6.147146
6.520033
6.565809
6.613016
7.094860
6.679535
6.031275
6.245136
6.945372
5.649328
6.506205
6.970882
6.387234
5.851030
6.063700
6.303310
6.234646
6.205797
5.777597
6.162882
6.985188
6.581068
6.929398
6.292582
6.190777
6.351948
6.711721
6.036520
7.094622
6.116152
5.668640
5.861282
5.617142
7.008553
6.297350
5.797863
5.657911
5.522251
5.941391
6.627321
6.338596
6.317377
6.293774
5.841017
5.616665
5.402327
5.602598
5.347013
5.245686
5.697489
5.810738
5.566835
6.921530
7.195950
6.012440
6.882191
7.698298
7.339239
7.599592
6.512642
6.982327
6.385565
5.421877
5.530119
5.612373
5.715370
5.610704
5.372047
5.661249
5.451679
5.908012
6.472349
7.223845
6.251335
5.789280
5.445719
5.401134
5.598307
5.776644
5.713701
5.668402
5.423546
5.327702
5.473137
5.422115
6.068230
10.465145
6.423712
6.200790
5.758047
5.643368
5.985260
5.275488
6.215334
8.029938
6.417274
5.944490
5.951643
5.702496
5.125999
5.774498
5.706549
5.887747
5.584240
5.523205
5.584240
5.401373
5.491018
5.625010
5.541086
5.610228
5.585909
5.570650
5.803347
5.475521
5.575895
5.578995
5.418062
5.582809
5.966425
7.012844
6.142139
5.757093
5.678654
5.651236
5.439281
5.945683
5.876541
5.446911
5.454779
5.541563
5.576849
5.782843
5.603552
5.437851
5.480766
5.438089
5.798817
5.465984
5.496979
5.228996
5.406857
