0.211766
0.508602
0.244197
0.468036
0.476961
0.272350
0.488253
0.482182
0.258994
12.034617
0.194565
0.180517
0.200315
0.182592
0.185147
0.203000
0.285544
0.345867
0.398827
0.522988
0.418493
0.484036
0.331901
0.321011
0.378428
1.396573
0.345766
0.268342
0.213320
0.364462
0.188883
0.371234
0.484747
0.319258
0.232725
0.201708
0.205945
0.224039
0.218749
0.292648
0.195526
0.200235
0.193391
0.183083
0.195807
0.195375
0.188973
0.214482
0.203631
0.308437
0.197250
0.431448
0.441827
0.300041
0.318706
0.323916
0.326782
0.308348
0.313928
46.561024
0.423684
0.502951
0.590865
0.316792
0.394057
0.337101
0.589873
1.592489
0.321101
0.601235
0.307354
0.317986
0.347400
0.332973
0.346158
0.394848
0.465150
0.740856
0.212236
0.642312
0.624668
0.314519
0.428222
0.322945
0.502480
0.275806
0.183704
0.180708
0.177091
0.308818
0.212068
0.171460
0.176330
0.170840
0.156082
0.185457
0.192601
0.181378
0.214271
0.280796
0.187440
0.186849
0.186258
0.170218
0.164457
0.176099
0.187771
0.171530
0.183052
0.422360
0.172963
0.171551
0.216455
0.358271
0.506408
0.344955
0.336920
0.328054
0.359713
0.513481
0.338172
0.370342
0.415237
0.360896
0.384930
0.451755
0.470911
0.342480
0.451916
0.706132
0.496178
0.450563
0.487972
0.473326
0.466393
0.326420
0.304159
0.299279
0.335116
0.524111
0.369211
0.296724
0.351026
0.391533
0.303759
0.343923
0.337792
0.337762
0.337492
0.511447
0.323685
0.392474
0.336280
0.328956
0.321642
0.467295
0.453679
0.469098
0.453347
0.245719
0.189775
0.175970
0.166311
0.165549
0.180087
0.184395
0.171680
0.230701
0.176941
0.256019
0.192972
0.189676
0.187210
0.181049
0.185127
0.334676
0.673650
0.441547
0.455763
0.363881
0.182021
0.183824
0.180136
0.172363
0.174076
0.175538
1.226175
0.168856
0.361586
0.930020
0.174396
0.172332
0.238787
0.328445
0.491700
0.257632
0.179587
0.172723
0.243485
0.298860
0.192430
0.174306
0.175047
0.171360
0.165700
0.171281
0.169527
0.186299
0.172262
0.207909
0.166742
0.313788
0.176319
0.173324
0.173355
0.164257
0.180818
0.183494
0.169708
0.293029
0.197500
0.247213
0.187460
0.171491
0.295804
0.185458
0.185187
0.176981
0.253225
0.193572
0.188853
0.189274
0.185597
0.187691
0.175789
0.186459
0.186780
0.337281
0.488374
0.333142
0.303437
0.366236
0.183032
0.226413
0.189796
0.192069
0.200765
0.303498
0.632454
0.471702
0.487803
0.479868
0.499544
0.500977
0.347731
0.368921
0.465090
0.322744
0.458067
0.334736
0.298329
0.327834
0.168886
0.322333
0.325459
0.332241
0.329286
0.428451
0.517569
0.332914
0.327843
0.329367
0.329096
0.331109
0.323054
0.348271
0.342170
0.343582
0.491169
0.313837
0.329057
0.295873
0.320259
0.282548
0.383236
0.477713
0.478385
0.520334
0.540661
0.341379
0.523370
0.355886
0.385501
0.352460
0.347941
0.347640
0.482001
0.333625
0.575867
0.510916
0.362419
0.183374
0.184025
0.238486
0.254046
0.173665
0.160050
0.328695
0.495537
0.359933
0.502190
0.482603
0.505707
0.520835
0.551141
0.504924
0.506007
0.519271
0.734895
0.522869
0.547213
0.493724
0.426577
0.546854
0.250509
0.228988
0.166230
0.189073
0.340427
0.225613
0.162404
0.190236
0.327173
0.318426
0.331450
0.299700
0.336550
0.342981
0.530241
0.325869
0.322814
0.338553
0.318857
0.343352
0.310581
0.352841
0.319347
0.352239
0.607246
0.310210
0.334246
0.368429
0.443741
0.476691
0.443921
0.442168
0.465721
0.455252
0.512640
0.458598
0.584523
0.345988
0.344945
0.517028
0.489737
0.430055
0.434052
0.528840
0.672028
0.446335
0.436476
0.620611
0.448659
0.439031
0.539951
0.402873
0.301835
0.444512
0.954947
0.373429
0.342551
0.479397
0.172223
0.327623
0.316031
0.297736
0.304951
0.326912
0.492742
0.356127
0.338763
0.332873
0.327474
0.437859
0.247804
0.181639
0.228857
0.194734
0.274723
0.194874
0.333764
0.343253
0.342631
0.365213
0.443650
0.306533
0.294010
0.285484
0.466432
