44052502
38350437
38312945
38297960
38277308
38255723
38242172
38230056
38218892
38207578
38196214
38184820
38173656
38156585
38139394
38126766
38112082
38100758
38089644
38078661
38067799
38049404
38036956
38026044
38010908
37998331
37987267
37972964
37961510
37943536
37930708
37919695
37908903
37897939
37882092
37868671
37857629
37841069
37828772
37814550
37802804
37791661
37780728
37769705
37754058
37736034
37715833
37703556
37692523
37681400
37670467
37655652
37644408
37624600
37604689
37589464
37575613
37563265
37553496
37543646
37529043
37512553
37498632
37487849
37473476
37461450
37451230
37441360
37430998
37413566
37402012
37391661
37381581
37340728
37321620
37308842
37297267
37280898
37268491
37257398
37246555
37235392
37212864
37196405
37183004
37166445
37152182
37140547
37129163
37118150
37107488
37096455
37085562
37067017
37036094
37020878
37009714
36995572
36983817
36972713
36961570
36944700
36931972
36920888
36905632
36892422
36881028
36870106
36859203
36839012
36826485
36815251
36804229
36788471
36775171
36764138
36752854
36736144
36722513
36699414
36669524
36643155
36621691
36596646
36579775
36558882
36537890
36504078
36483687
36470306
36457238
36440427
36426896
36408370
36392794
36378090
36364108
36349725
36335332
36321169
36306956
36292804
36278622
36255512
36242613
36228431
36197679
36182072
36166425
36155342
36145051
36134710
36124659
36109765
36095944
36085031
36074730
36064640
36054429
36044319
36034259
36023998
36013887
35999353
35987538
35974570
35954078
35942322
35933506
35924209
35914790
35905883
35892513
35881671
35872493
35863386
35854239
35841329
35806937
35791931
35773647
35756315
35740176
35727608
35717007
35706435
35696214
35685823
35675411
35661901
35650738
35640106
35625472
35613155
35602332
35591731
35580457
35569254
35555483
35540758
35529755
35515020
35497899
35485302
35474209
35463426
35452533
35441831
35430928
35420246
35409475
35398782
35382965
35368241
35356405
35338692
35327408
35317498
35291320
35278461
35268892
35254589
35238883
35225993
35211290
35199514
35188341
35177799
35169715
35161680
35153496
35141580
35129093
35119555
35111410
35103606
35083175
35065783
35053405
35036214
35023506
35009002
34997959
34988240
34978722
34968862
34959675
34950638
34937929
34928340
34919093
34905843
34894850
34885412
34864007
34849404
34840207
34828972
34812523
34801771
34764379
34747688
34736385
34726906
34717519
34708090
34698491
34688862
34679394
34669815
34655462
34640798
34629043
34614610
34602072
34591941
34582263
34572513
34562644
34553255
34543797
34497408
34479865
34464820
34447448
34435843
34426113
34416234
34406385
34396695
34387207
34353436
34339976
34330326
34321219
34312092
34303345
34293807
34284700
34275251
34266325
34251931
34236385
34226385
34216997
34207579
34198170
34188692
34179143
34170186
34156656
34145552
34136254
34115281
34096054
34078300
34062453
34008009
33995683
33987077
33974107
33964128
33955703
33947418
33939324
33930909
33922734
33914218
33905973
33897568
33883246
33865452
33856977
33848672
33839745
33831330
33823104
33814569
33806184
33797388
33776926
33766665
33758090
33749474
33740888
33732574
33724249
33715953
33701982
33691119
33679033
33668862
33660637
33652373
33644158
33635512
33627127
33618511
33610156
33601671
33589985
33579885
33571420
33540728
33528952
33520427
33512573
33504750
33496676
33488842
33477026
33467618
33459816
33452193
33444138
33436295
33428110
33420076
33411711
33399915
33390356
33372373
33359986
33352202
33345632
33338070
33329925
33321991
33314058
33302383
33292393
33284128
33276014
33268009
33259895
33251731
33243736
33235743
33227729
33199113
33188230
33176375
33166635
33158301
33150397
33142363
33114830
33105703
33097288
33084970
33075142
33066515
33058221
33050006
33041550
33033616
33025412
33017358
33009634
32998581
32990487
32983085
32966375
32955883
32947588
32939203
32930638
32922343
32913737
32901400
32891400
32883025
32874920
32866375
32857860
32849645
32817428
32806184
32797860
32786435
32777187
32768982
32761239
32753447
32745572
32737288
32729434
32721781
32710808
32701199
32692594
32684720
32676716
32668471
32660428
32652553
32654309
32646164
32633988
32624379
32616344
32608060
32599845
32591701
32583717
32575593
32567157
32559012
32545683
32535733
32527568
32519474
32511049
32502925
32494519
32480779
32472463
32464289
32452253
32442564
32434249
32425793
32418019
32411159
32404328
32397318
32390808
32380277
32373376
32364690
32357267
32349695
32342653
32335472
32328592
32321410
32314279
32306646
32295312
32286967
32280046
32272564
32265172
32257098
32249565
32242082
32234770
32227519
32196385
32181781
32174570
32167759
32161631
32154429
32147719
32140698
32134409
32123807
32114800
32107277
32100588
32093436
32086305
32079264
32071460
32058923
32045974
32027789
32017388
32009755
32002804
31995984
31988651
31980277
31972082
31963928
31955944
31943767
31934158
31925683
31917559
31909324
31901400
31893526
31885523
31877629
31869344
31857709
31847669
31839404
31831009
31822674
31814339
31805663
31797579
31789394
31781590
31770678
31761812
31746365
31737599
31729274
31703737
31694720
31686094
31677769
31669364
31657468
31647629
31638993
31630738
31622534
31610748
31601751
31594179
31534911
31526365
31512824
31502724
31493987
31485994
31462905
31451420
31443256
31435211
31427177
31415001
31405202
31397077
31388803
31380778
31372764
31365202
31357017
31348953
31340879
31322282
31302463
31292313
31284068
31275733
31267248
31254650
31246115
31237809
31227047
31215162
31205382
31197208
31188702
31180347
31172143
31163917
31155512
31147317
31139405
31127348
31117519
31109103
31100869
31093005
31084861
31077077
31068873
31061220
31052985
31032714
31022774
31014640
31006315
30998110
30989996
30981541
30973226
30964800
30949544
30933165
30922975
30914349
30905994
30898171
30889946
30881390
30873045
30864660
30856396
30843978
30833808
30825603
30817378
30809213
30800718
30792203
30768501
30757057
30745623
30735723
30724449
30715132
30701470
30693266
30685512
30677629
30669876
30662855
30652523
30644159
30636917
30630257
30623707
30616997
30610217
30604289
30597358
30590537
30579163
30571270
30564790
30560658
30553757
30546555
30539966
30532794
30525633
30518812
30507899
30499033
30491792
30485311
30478191
30471781
30464841
30457700
30450668
30443215
30432434
30423336
30416275
30409153
30402102
30394610
30387187
30380247
30372353
30365422
30354540
30345302
30337829
30330297
30323015
30315502
30307950
30300788
30293215
30285713
30274671
30265843
30258873
30250508
30242393
30234369
30226596
30218110
30210006
30198050
30188000
30164559
30153407
30145232
30133015
30125251
30117148
30109204
30101220
30089845
30080397
30072403
30064570
30056857
30049254
30041290
30033606
30025784
30014178
30001801
29992283
29984470
29976836
29969023
29961109
29953497
29954289
29948892
29941280
29929525
29919735
29911230
29903165
29895723
29888511
29880778
29872965
29857418
29845172
29833176
29823186
29814971
29806937
29799635
29791821
29783878
29775683
29767539
29759414
29747779
29737719
29729665
29721370
29713126
29704660
29696606
29688010
29679765
29671300
29658953
29650167
29642333
29634059
29626014
29617629
29609645
29601230
29593146
29579504
29569335
29561060
29552634
29544310
29521882
29510649
29502774
29494720
29486917
29476516
29467349
29459274
29451471
29443497
29435362
29427639
29419445
29411400
29403607
29391832
29382253
29373637
29365443
29357338
29349294
29341320
29333557
29325482
29317689
29304931
29295432
29286937
29279274
29271370
29259926
29250077
29241641
29233426
29225844
29213887
29204188
29195994
29188663
29181200
29173526
29165783
29158021
29150046
29119103
29106806
29096867
29088652
29080307
29072093
29063918
29055673
29047489
29039244
29027538
29017569
29009164
29000799
28988893
28980638
28972183
28963567
28955443
28944781
28932875
28922845
28914670
28906285
28897980
28889786
28881571
28873386
28864891
28841871
28828191
28818572
28810378
28802605
28794660
28786877
28778863
28770769
28762966
28754821
28742714
28732945
28725232
28717368
28709585
28701592
28693918
28678993
28667399
28659355
28646677
28636807
28628702
28620729
28613397
28605162
28591842
28582153
28574260
28566155
28553828
28544069
28535663
28527438
28519154
28511129
28502975
28495032
28486897
28487088
28475774
28463256
28453928
28446005
28437930
28430447
28422333
28414470
28403407
28391882
28382213
28373928
28366014
28357860
28349876
28341691
28333928
28325904
28313016
28301210
28291200
28282705
28274329
28266175
28257870
28249404
28241260
28232966
28224711
28212393
28202323
28180106
28169444
28161401
28154270
28146988
28139445
28131541
28123767
28111852
28102183
28094068
28086024
28077990
28070308
28062203
28054179
28046285
28038802
28027329
28018000
28010167
28002584
27994530
27986527
27978532
27970619
27962805
27954912
27943487
27934129
27925703
27917840
27909746
27901882
27893787
27885724
27877790
27869736
27858151
27847990
27835814
27827610
27819314
27811391
27799315
27791039
27782975
27771069
27761029
27752574
27744440
27736366
27727941
27719946
27711862
27703738
27691892
