12.143373
11.510611
6.849051
9.959698
7.185221
6.086349
7.014751
6.888390
6.124020
8.230209
6.058455
6.866693
7.213354
5.685568
7.738590
6.522417
6.298304
6.369352
6.149530
6.937742
5.962133
6.705284
6.803036
6.141901
7.221699
5.979776
6.331444
7.234335
7.287741
7.229090
6.150961
6.170750
6.320238
6.309271
7.246256
6.215811
7.085562
7.523060
7.801771
6.204367
6.242037
6.540060
7.050514
6.867409
6.202221
5.681038
7.381439
6.042242
6.134272
6.691933
6.557226
7.179260
7.787943
6.286383
6.382704
6.111622
7.425308
6.852150
6.084204
5.405426
7.086277
12.471914
7.467031
6.256580
6.530046
6.106615
6.121159
6.792307
8.056164
6.985664
6.098986
7.275820
7.084370
7.064819
6.736755
7.461071
5.758047
7.208586
6.345272
7.413864
6.402493
6.217957
7.292509
6.089211
6.925344
5.831242
6.895304
7.291317
6.861448
6.178379
6.835699
7.524252
6.109238
7.026434
7.242203
6.948233
6.937742
6.710768
7.256031
6.419182
6.432772
10.406971
6.309986
6.927490
7.129669
7.948160
7.194281
6.726742
6.546021
7.640839
7.005930
6.608486
7.260561
6.087780
6.971598
7.782459
6.027937
7.716894
7.435083
5.742550
7.419586
6.923914
7.265806
7.102966
6.287336
6.050825
6.884336
6.647348
6.983042
6.305933
6.230831
6.046772
6.881714
6.183386
5.491495
6.753683
6.576777
6.409883
7.442474
6.214142
5.427837
6.952047
6.901264
7.463932
5.652905
7.046223
11.264563
6.501913
6.325245
6.897926
6.091118
7.211447
7.174015
6.905079
6.732941
10.871410
7.122755
7.821798
7.704735
6.942511
9.341955
5.709171
5.771160
8.061886
8.655310
7.591486
7.649899
6.964922
6.005526
7.053137
6.998539
7.388830
7.849216
6.504536
6.513596
6.436825
6.345272
5.928516
6.849766
6.874561
7.685900
7.058859
6.095171
6.407976
5.659580
7.238626
7.684946
6.829023
6.448746
6.336927
6.671429
7.430077
7.281065
8.244276
8.383512
7.122278
7.208586
7.309675
6.732941
6.449699
7.930279
7.130146
5.970001
6.603718
6.924152
7.498741
8.037090
6.894350
6.468773
6.456375
5.476236
6.912470
5.825043
7.438898
7.178545
6.529570
6.609917
8.119345
7.568836
5.982161
6.736279
7.156134
6.510735
6.027699
6.261349
7.132292
6.025791
6.355762
6.084919
6.606579
6.293058
6.726265
5.772591
7.487297
6.103754
13.457775
8.166313
5.632877
7.457018
7.976770
7.570505
7.006884
6.137848
7.927418
7.606030
6.766796
6.463528
6.655216
6.592751
6.528139
6.226540
7.066488
6.204367
6.053686
6.147623
5.873442
6.118059
6.491184
7.175922
6.345034
6.858110
7.285833
6.897449
7.515192
6.739378
8.312941
8.435488
8.606911
6.449938
8.832693
6.800413
7.966757
6.582975
7.363081
7.261515
6.642103
7.601500
6.523132
6.328106
6.253242
7.066011
7.413864
6.143570
7.088661
6.698132
6.320477
7.081509
7.744312
7.862806
7.970333
5.968332
7.876635
6.779194
7.365465
6.844997
7.357597
8.953571
8.676291
6.633043
6.780148
7.533312
6.455183
6.860971
6.387949
6.116867
6.229877
7.230282
6.988525
6.186008
6.639719
6.190300
6.255388
6.200314
5.427361
6.471634
7.394791
7.302761
5.969286
7.163525
6.043434
6.347656
7.219791
6.821871
7.184267
7.557631
7.430077
7.016182
6.289482
7.406473
7.084608
5.947828
6.850958
6.823540
6.219387
7.544756
6.202221
6.918192
6.583452
6.839275
6.791353
6.366253
6.060839
7.538557
7.013559
7.780075
6.560326
6.948709
7.244110
6.618738
6.264687
7.401943
6.045818
6.299734
6.817341
6.852865
7.145405
7.309198
7.288218
9.946346
6.438017
7.170439
7.455111
6.502151
7.117271
6.990194
7.126331
6.060362
7.031679
6.962299
6.603956
7.139683
6.074190
7.233858
6.623030
7.012129
8.897305
8.543015
7.329226
8.398533
8.860111
8.841276
6.941319
8.173704
8.052588
7.614374
8.814096
8.702040
7.952452
6.671667
9.052753
7.058144
6.774426
8.131504
6.839275
7.313490
5.982399
6.214857
6.573200
6.933212
5.918026
6.111860
6.008863
6.280184
6.788492
5.796671
6.701231
7.004499
6.183863
6.922245
6.150007
6.733179
6.247044
6.088257
6.118298
8.754730
8.382797
8.119345
7.361412
7.330179
7.365704
7.483959
7.792950
6.728649
7.472277
6.657839
7.211685
9.108305
6.020546
7.037401
8.923769
6.457567
5.987406
6.409407
5.889416
5.937815
6.875753
6.932259
6.886959
5.598783
6.254435
6.704807
6.299973
6.152391
8.633137
7.722139
7.811785
7.469416
6.368637
6.688595
6.691694
6.375313
7.001638
6.068945
7.053852
6.188393
6.009102
6.014585
5.893469
6.204128
6.736040
6.716490
7.599592
6.068230
6.890774
6.391764
6.157875
7.020473
6.656408
7.722139
6.487370
7.242203
8.712769
7.788420
8.558512
7.411718
7.006884
7.851601
7.495880
5.657196
7.331610
8.888006
8.610725
6.222486
6.676435
6.410599
7.114410
7.290363
7.013321
6.155014
6.098747
6.955385
6.020069
6.086826
6.952524
6.266356
7.575989
6.807566
5.664825
6.225824
6.953955
6.074667
6.252766
6.834269
6.133318
6.864309
6.434202
5.890846
6.589651
9.559393
6.351948
9.004831
7.880211
6.626368
7.658243
8.419991
9.051323
8.082151
8.330107
7.042170
6.854057
7.850647
6.065845
8.935928
8.882523
8.048534
6.399870
5.898952
8.030891
8.826733
7.676840
8.047819
7.843494
7.429361
6.116629
6.952047
8.044720
9.276867
5.816936
6.151199
6.894112
6.956577
6.347895
6.574154
7.213116
8.268595
6.943464
6.968260
6.385088
7.249117
6.376266
9.138346
6.867647
7.608414
6.286860
7.696390
7.109404
7.127523
6.149054
6.850481
7.039070
7.886648
7.343292
8.192778
6.290674
6.797791
10.983706
7.532120
10.432243
8.212805
7.377148
8.257389
7.080317
7.628441
6.850719
6.757736
7.834673
9.693146
8.131981
8.345366
7.497311
7.707834
6.674767
6.806612
9.247065
8.656979
7.480145
7.975101
6.408930
8.166790
7.172823
8.550167
8.254528
7.719278
7.748127
7.936716
6.979942
8.322477
6.956577
9.011269
7.617235
7.504225
8.466721
6.112099
7.079124
7.681847
7.765532
8.343220
7.256985
7.906437
6.392479
6.662607
6.259680
6.206512
6.553650
7.465363
6.058931
6.903172
6.100655
6.849289
6.314993
7.177114
6.540775
7.425547
7.352829
7.174253
8.162975
5.862236
7.750988
6.456614
6.464005
7.915735
7.252216
7.171631
7.381201
7.681608
6.811142
7.505178
6.974459
6.964445
6.402254
7.197380
6.626606
7.340431
5.614996
7.121086
5.701542
6.278276
6.713390
6.261826
6.182432
6.155729
8.424759
7.973433
6.028891
6.775618
7.065773
6.269693
6.553173
5.521059
7.892370
7.216454
7.765293
6.608009
6.720543
7.161617
6.117582
5.918503
6.732702
6.576777
5.918503
5.939007
5.968571
5.351782
6.775856
5.981445
6.102085
7.379532
6.665945
6.098509
8.697033
6.600380
9.973764
6.172657
6.955624
6.687164
6.622791
6.815910
6.884575
6.842375
6.918192
7.466555
5.920172
7.686377
7.234573
8.168459
6.264210
8.011818
8.169651
7.330179
7.795572
7.415533
6.258488
6.359100
6.259680
7.027864
7.607698
7.414341
7.326603
8.274794
7.249117
6.765604
6.619692
7.762194
7.696152
8.540630
8.522749
10.668516
7.774830
9.029150
7.265806
8.165598
8.041859
6.935835
6.158113
7.676840
6.805420
7.338285
6.774426
7.386446
6.564379
7.209539
5.864382
8.309364
6.772280
7.000208
7.058144
7.635355
6.808519
7.187605
7.143974
6.844997
6.110430
7.958651
8.198738
7.403135
7.118940
6.769657
7.571459
8.196115
7.370472
8.440018
6.562710
6.906986
6.892204
6.849051
6.224871
8.042812
6.375551
5.506039
7.763863
8.226156
6.721497
6.787777
6.421804
8.093596
7.987499
8.017540
6.363630
8.164644
7.295132
6.566286
7.528305
7.364273
7.628441
7.500887
8.203983
7.019043
7.349491
8.237362
6.448507
6.852627
6.966829
7.061243
6.352663
7.538080
6.453276
6.693125
8.101225
7.572651
6.742716
7.767916
8.273125
7.370710
8.547544
9.523392
7.004499
7.381678
7.371426
6.055832
8.226633
8.208990
9.365320
6.391525
5.765676
7.716417
6.972790
7.408142
7.422924
7.778406
6.633997
7.722139
8.211374
7.837296
8.476496
8.598804
7.087469
7.292271
6.256580
6.915331
7.098436
8.790493
8.076668
5.393744
6.346464
7.425547
7.620573
6.518126
7.598400
7.286549
7.399797
7.809877
7.327318
7.656336
7.642031
11.992216
6.949425
6.158352
7.246971
8.117437
7.408857
6.930351
6.212473
6.256580
6.599903
7.356167
6.380081
7.712603
5.964279
7.911921
8.293390
6.760597
6.797075
6.439686
5.873442
8.304119
6.265402
6.409645
6.121159
6.639957
6.532431
6.135941
6.191254
7.162094
6.139755
6.035805
5.518675
7.260561
6.441593
6.757498
7.693291
7.041931
6.806135
6.216288
6.748438
8.149862
7.859945
7.297993
7.491589
6.882429
6.537676
7.085800
7.136345
7.518291
7.484436
7.315159
7.608652
7.202625
7.764101
6.335497
6.230354
6.471872
5.987406
6.218672
6.327391
6.918669
7.349968
6.658077
6.114006
5.877733
6.201744
6.353378
7.046461
7.085085
6.829977
5.993843
8.038044
8.036852
7.115841
11.436701
6.044388
6.918907
6.055832
6.841898
9.185791
7.975101
5.837917
7.089615
6.847382
6.843090
7.524490
7.280588
6.677628
8.280993
6.936312
7.193804
5.990505
6.754160
6.062984
6.519318
6.878614
6.075382
6.905079
8.142471
6.664038
7.830858
6.609917
7.938862
7.351398
6.428480
5.970478
6.535769
7.725477
8.103132
6.479502
6.514072
6.955385
7.599831
8.013964
7.328987
6.318331
7.020950
7.284403
6.885529
6.056309
5.694866
6.634474
6.069899
6.060362
6.978750
8.213520
6.384850
8.550167
8.205891
7.908821
7.575512
7.796288
8.064747
7.555485
6.842136
8.444786
7.436514
7.812738
7.168770
9.646654
10.754585
8.880854
7.996559
10.704279
9.344339
8.549213
9.112120
10.865450
8.539677
7.173777
8.378983
8.038282
6.779671
7.258177
6.634235
7.394314
6.492615
6.590843
8.710623
6.021023
7.887363
7.064104
8.732319
8.714914
7.528543
8.601904
7.836580
8.775711
7.243395
7.761478
7.804871
6.740093
7.896185
7.476807
6.129980
6.677628
6.280661
6.705999
7.337570
7.437706
7.008791
6.034851
7.534266
6.175041
6.011486
6.619692
8.299828
8.121490
6.331682
7.064581
6.364346
8.188009
6.493807
7.546425
6.171703
8.093119
8.217096
6.396770
8.227110
5.970478
7.408381
6.252289
6.699324
6.118059
7.830143
7.873535
8.337498
6.310701
6.205797
5.988598
6.028891
6.983042
6.153822
6.192684
5.858898
6.327152
6.251812
7.611513
6.064177
6.857395
6.811380
6.739855
6.505966
6.808519
6.901979
7.021189
6.800652
6.578684
6.284952
6.812334
7.014751
6.939888
6.774426
6.381989
7.798910
6.369591
7.073641
6.300688
5.652189
11.478662
6.792545
6.787300
6.276369
6.314993
6.931305
7.243395
7.758856
8.460760
8.084059
6.917477
7.978916
7.157803
6.392956
11.204243
7.416248
6.980896
6.317616
6.041765
6.257772
6.845474
6.827116
6.164074
6.742001
6.910086
10.235786
6.943464
6.672621
5.900145
6.644964
6.195307
7.128239
7.425308
6.417751
6.815910
7.060051
6.763935
6.185293
8.270979
6.722927
7.656813
7.498503
6.874323
6.461859
6.837606
6.753922
7.153273
7.514000
7.326365
5.819559
6.396294
7.438421
6.643534
6.378889
7.395506
6.720543
6.987095
7.081985
6.215334
7.453680
6.379843
6.625175
7.628202
7.539749
6.377220
6.985188
7.992983
6.839752
7.094383
7.477760
7.079124
7.070065
7.073164
7.223129
6.305933
7.432461
6.640673
6.447077
7.449389
7.048607
6.182671
8.180857
6.304026
6.285906
7.576942
6.160259
6.528616
7.218599
6.609678
6.930590
6.890297
7.065535
6.783485
7.960796
8.239985
6.791353
6.245852
6.256342
7.329464
6.797075
6.039858
7.227182
6.984472
6.750345
6.618023
7.522583
6.627560
6.435633
6.810427
6.573915
6.376982
6.957769
7.324934
7.182837
7.661104
6.447077
6.925583
6.342411
7.225752
7.618427
6.765842
11.954069
6.902456
6.788969
7.001400
6.103992
7.030487
7.244349
6.326675
6.946564
7.851362
7.319689
7.117748
7.470131
11.702538
6.119251
5.975008
6.643534
7.578850
6.119728
7.421255
7.292986
6.451607
6.318808
6.216288
7.341385
7.364511
6.097078
5.509377
6.821632
7.403612
6.165981
6.390572
6.224394
7.421970
6.362915
6.093264
5.884647
6.831646
6.230593
6.042957
6.129980
7.978678
7.982254
7.159948
7.871628
5.686045
7.108688
7.812977
7.883787
6.778717
8.613110
7.451773
11.928082
7.065535
7.016182
6.249905
7.039070
7.006645
6.541491
6.872177
6.361961
6.005764
7.041931
6.732941
6.200075
6.224632
5.977154
6.951571
7.045984
7.052898
6.815672
6.289482
6.977081
6.909609
6.795645
6.847143
5.779982
6.317139
7.093906
7.108688
6.191730
6.251812
7.811308
7.028103
7.320642
7.335901
6.858587
6.680727
7.782459
5.886316
5.786419
8.005857
6.676912
7.879734
6.939888
6.717205
8.103371
7.334471
6.485462
6.464481
7.236481
7.711411
7.089376
6.223440
7.609606
7.306576
7.441521
6.341696
6.556273
7.419348
6.700754
6.585121
6.983280
7.151842
7.503033
7.292032
5.657673
6.284237
6.318569
7.803679
7.886171
6.261587
5.305290
7.199526
5.456686
6.812096
6.912231
6.850719
6.739140
7.028103
6.950140
6.297588
6.311417
6.317616
7.560730
7.559299
7.193327
6.131172
7.474422
6.662130
7.111549
6.017923
7.234335
6.733179
6.927013
7.369041
6.734133
6.393433
7.923126
5.690098
7.035971
5.832434
7.841825
7.270575
7.079363
7.990599
7.947683
7.598877
7.852316
7.340431
7.326365
8.353472
8.112192
7.948637
8.131981
7.812977
7.071018
7.799864
7.872581
7.005215
6.033421
7.005215
7.925510
7.541895
7.263422
6.983995
6.228924
8.092880
6.031513
6.320953
6.956577
8.877754
7.581949
8.081198
7.196426
7.021904
8.548260
7.726908
8.100986
7.318020
7.240534
8.604050
7.183075
7.907867
9.001255
8.986712
8.240700
8.857012
7.608414
5.758524
5.488634
12.618065
6.502867
6.265402
6.448269
6.230593
6.767511
6.855488
6.554842
7.152796
6.156683
6.366253
6.796360
6.688833
5.925179
6.251812
6.091833
6.046295
5.858898
6.616354
6.870508
6.613493
6.053925
6.145477
5.995750
6.120443
5.463362
6.074905
6.956339
6.290197
6.120920
6.936789
6.176472
6.141424
6.212473
7.493496
7.173538
6.738186
6.842136
5.941868
7.258177
6.091833
6.708384
6.646156
6.360769
6.260395
7.021189
6.922483
7.166147
6.376982
7.290125
6.811380
7.108927
5.988836
6.113052
7.304430
6.913900
7.139444
5.912304
7.018328
6.951809
6.687880
7.860661
8.589506
7.180929
7.841110
7.176161
7.887363
7.790804
7.744074
7.680178
7.184505
6.133795
7.884741
7.802010
8.199453
7.747412
7.063389
7.017136
7.737637
5.520821
7.486820
7.013798
7.438421
7.673025
7.189512
7.667542
5.959272
7.782221
13.392210
7.093191
8.042812
7.740974
6.591797
6.192207
6.245613
7.277966
8.271217
7.418156
11.893272
7.673979
7.184982
6.108522
6.023169
8.032560
7.284880
8.010626
7.925272
7.961035
6.966829
8.101702
11.263371
6.842375
7.782459
7.375240
7.137775
7.809877
6.389141
8.488178
7.889509
8.446932
13.599157
6.252527
13.011694
7.217169
6.561995
6.992579
7.964373
7.211208
6.281137
7.278204
7.389069
6.113052
7.521629
6.982088
6.006479
6.255388
7.974863
6.053686
7.093906
6.755114
6.829739
6.640434
6.849766
6.113529
6.334782
6.929398
6.668806
6.934404
6.698608
6.106138
6.429195
6.243467
5.980492
5.997896
7.355928
7.638216
7.208347
7.010460
6.652355
7.708073
7.706642
7.077217
7.318974
6.948471
7.245064
6.956577
6.861448
5.774498
8.863926
6.798506
6.798983
6.938219
6.574631
6.679773
5.522966
6.185770
6.130219
7.469177
6.858587
6.949425
6.188869
5.934477
6.821871
6.161451
6.211519
5.994558
6.220818
6.163120
6.616354
6.849051
6.165028
5.410194
6.193399
7.276535
6.687403
6.263494
7.164717
7.084131
6.318331
5.951405
7.704258
6.528854
6.286860
5.889177
6.059647
5.961895
6.642580
6.787777
7.132769
6.215572
7.330179
6.132364
6.764412
7.040501
6.235838
7.105350
6.018162
6.946802
5.940676
5.622864
6.748676
6.272554
7.129431
7.339716
6.366968
7.742167
7.214785
7.014275
7.214546
6.981850
11.204720
6.565332
6.812811
6.531000
6.841898
6.786346
6.499767
5.600929
5.614758
7.254124
6.094933
6.788969
6.062508
6.861448
6.786346
5.654097
6.100655
6.204128
7.676601
6.176472
5.739927
6.358624
7.167339
6.962776
6.061316
7.572651
6.850243
8.378744
8.217812
8.018017
7.245064
7.180214
7.705927
7.289171
6.727457
7.306814
7.215023
6.259680
7.304668
6.985664
6.612062
7.388592
7.232189
7.537127
6.802559
7.366657
6.968737
6.069899
6.413698
6.020308
6.454945
6.265640
6.489992
5.995035
6.541014
6.479502
6.245375
6.126404
6.275415
6.508112
5.553007
7.358074
6.232500
7.010937
6.722927
6.441116
5.427361
7.287264
6.918907
6.482124
6.293774
7.483244
7.594585
7.178545
6.090403
6.863594
6.807566
6.173372
5.914927
5.917311
6.717920
7.220030
5.854130
6.545305
6.714344
5.817890
6.664753
6.201506
7.021666
6.875753
6.102085
6.857872
6.827831
6.243229
6.845713
7.274151
6.942511
7.554293
6.766558
7.000208
6.001949
5.969524
6.324530
6.720543
6.719828
6.869078
6.242990
6.107330
6.093264
6.289005
6.959200
6.318569
6.994009
6.742954
6.057024
7.084846
6.832838
6.105661
6.314278
6.799698
7.092237
6.889820
10.329485
6.198406
7.069349
7.186651
7.019281
6.015778
6.896257
6.869555
6.179333
6.869793
6.782770
6.928921
6.051064
6.991625
6.155252
7.062912
6.959677
6.909847
7.492781
6.775856
6.052017
6.943703
6.717205
6.790400
6.115913
6.018400
8.101463
7.084370
8.123875
7.058620
7.464647
7.500648
7.732391
6.907463
7.532835
7.109880
6.939411
7.405996
6.358147
7.131815
6.143093
6.324053
6.495237
6.482840
6.841660
6.971359
5.987406
8.295059
7.276297
8.282185
6.533384
6.466389
7.685661
6.450891
7.013321
6.049156
6.314516
6.069183
6.801844
6.779909
6.037474
5.328178
6.904364
6.800175
6.225586
6.357670
5.773306
7.437468
7.730484
7.303953
5.927086
6.130219
5.783319
6.310940
6.616354
8.442640
5.817175
8.284569
7.477999
7.645845
7.901430
7.725716
7.080317
7.675886
7.171392
7.651806
7.159710
7.266760
6.659985
6.818533
7.059813
6.344318
7.131338
6.611586
7.124662
6.864548
7.821560
6.628752
6.178856
7.181406
6.741762
7.636309
7.057667
7.471800
6.302834
7.180691
6.152391
7.575750
5.541086
8.029699
7.228374
7.766962
7.311106
7.531404
7.375956
6.402969
7.045269
7.145882
6.951809
6.957054
7.216454
9.094238
8.286715
7.034302
7.287502
7.214069
8.171082
7.718086
7.815361
8.273125
8.147717
7.868767
8.124352
9.799719
8.448362
9.200573
7.857561
8.707285
8.150339
11.258602
7.006168
5.735397
6.982327
6.762981
6.477118
6.041288
6.932259
6.089926
6.221056
7.083416
8.592129
8.114576
7.033587
7.454872
7.788658
6.949663
8.743763
8.190393
6.844044
7.930517
7.509232
8.025408
7.874966
7.735252
6.143808
10.480642
7.084131
7.654190
6.515741
7.300138
7.985115
7.844687
7.534742
7.585049
6.913900
6.891012
7.009268
8.002758
7.539034
8.711100
6.911278
8.581638
7.752180
9.077311
8.178234
7.276297
7.272959
7.311583
7.786274
8.107185
6.766319
7.838011
6.961584
6.058455
6.295443
7.656813
6.330490
6.183386
8.503675
8.955240
7.223129
7.025480
7.480860
6.358862
6.038189
6.749392
6.981373
7.132053
5.868912
7.376432
6.060600
6.324291
6.870270
5.977154
5.983591
7.312059
6.840467
6.001234
6.757975
7.360697
6.759882
6.738424
6.334782
7.163763
6.279707
6.826878
7.268429
5.977392
6.249428
6.832361
6.922722
5.729914
6.758928
6.096840
6.038189
6.228924
6.269455
6.512642
6.932974
6.095648
5.987883
5.353689
7.858753
7.868528
7.102728
8.254290
7.258892
6.270170
7.687330
8.511543
8.163929
8.134604
6.987572
7.987022
7.158518
6.927729
5.653143
7.657766
9.149313
8.375406
7.957458
8.122206
6.617069
7.566452
7.332563
8.349419
6.900787
7.708311
7.892132
8.002520
7.240295
8.211613
8.947134
8.316278
6.962776
6.939411
6.298065
7.464409
6.380320
6.036282
6.882906
6.797791
6.105661
7.177353
6.888866
6.554365
5.960941
8.535624
6.892681
7.104158
6.925583
6.176472
6.050587
7.370234
6.455183
6.038666
7.777214
7.286310
7.683516
6.711245
6.288290
7.249832
7.925272
7.948637
8.390188
7.455587
8.136749
7.731915
9.200335
6.641626
6.487608
7.028818
6.743193
6.751537
6.436110
7.555008
7.591486
7.323265
7.306337
7.859230
6.033897
6.728172
5.969524
6.722212
7.281542
7.259369
10.056019
6.693363
6.329536
6.577492
5.959511
6.711006
6.605148
7.489681
7.350445
6.315470
6.540060
6.321907
6.736040
6.288290
7.690907
7.180452
7.073402
7.647991
9.849072
7.108927
6.076813
6.071568
6.691933
11.286020
6.395102
6.331205
6.087065
6.724358
7.009983
6.165266
6.930113
6.852150
6.091595
6.134748
6.942987
6.235123
5.977392
6.711483
6.972075
5.873919
6.196260
6.817579
5.362034
7.075071
6.018877
7.014513
6.209135
7.187843
10.392904
7.250071
6.748438
7.002354
7.119656
6.145239
6.877899
6.972790
6.158829
7.017612
6.151438
6.731987
6.152868
7.138014
6.985664
7.282972
11.018276
6.837606
6.251335
6.083727
6.853104
5.462646
8.651257
8.635759
9.248972
12.116194
12.254477
8.769035
9.580851
10.197639
10.149717
8.118153
7.759571
7.789850
8.609533
6.357670
6.181240
7.392645
7.864475
8.315086
6.603241
6.127596
7.218599
6.857634
7.090092
6.391764
6.182909
7.343769
5.918026
7.620573
6.265640
6.711960
5.699158
6.887197
6.099939
6.428719
6.024361
6.416559
7.093430
7.814884
6.961107
6.168604
5.810499
5.990267
6.862164
5.946159
6.018400
6.606340
6.381512
7.236719
5.884647
6.999731
7.045746
6.263018
8.150578
9.392500
7.025003
8.630276
7.169485
8.510590
8.130074
7.553816
7.559299
7.580280
7.633924
8.302927
8.446455
7.218599
9.933472
7.699013
7.161140
6.574631
6.884098
6.483316
6.440878
6.988287
7.362843
7.128000
6.106853
6.794691
6.113291
6.023645
6.220102
6.988525
8.310795
8.811474
7.308960
6.495237
6.528616
6.095648
6.875515
7.195473
6.654501
6.807566
6.864309
5.987883
6.966352
6.116390
7.055521
6.807327
6.448746
6.461382
6.889820
5.027533
6.763697
8.052111
6.546736
7.100582
5.491972
7.021189
6.935596
6.389141
6.237030
6.669521
5.740643
6.010056
6.126881
5.892515
6.059408
6.879091
6.138086
7.041454
6.005287
6.299257
7.968187
7.186413
5.938053
6.893635
6.793737
6.075859
6.705523
6.680012
8.054972
8.085012
6.280184
7.961273
7.726431
8.058071
7.472992
8.527994
11.282682
6.976128
6.053925
6.784678
5.917072
6.975651
7.297516
6.343603
6.752729
6.972551
7.104397
6.177664
6.020784
6.852150
6.842852
6.993771
6.646633
6.943464
6.225586
6.160259
6.812572
6.776333
6.257534
6.795645
7.109404
6.075144
5.991220
6.802082
5.133152
6.850004
6.124496
6.172657
12.003899
7.848024
6.007671
6.191015
7.169962
5.998373
7.635117
7.655382
6.225824
6.181717
6.244183
6.178617
11.560202
5.727768
11.611700
7.132530
6.716728
6.679773
6.030321
6.185770
5.992174
6.166220
6.182432
6.200552
6.155491
7.051468
6.809711
6.127596
5.958080
6.752968
6.846666
6.110191
6.012201
7.102013
6.024837
6.029129
6.996393
6.470919
7.774591
6.009579
7.121801
6.091833
6.312847
6.157875
6.063938
6.671906
5.926371
6.880522
5.975008
6.806612
6.836176
6.986141
6.960154
6.491423
6.804228
7.076263
6.100416
6.770372
6.831408
6.939173
7.042408
6.077290
6.345272
6.320238
6.905079
7.113218
6.102800
6.796122
6.049156
6.290436
7.314920
6.479979
6.229162
7.071495
6.962538
6.778717
5.941153
7.216454
6.254673
6.479979
6.213427
6.062746
6.265163
6.753922
6.724596
6.594419
5.907536
5.948067
5.776644
5.816460
6.087065
6.799936
6.772280
6.733418
6.938457
6.263733
6.717920
6.223917
7.016420
6.242037
6.789684
6.904364
6.009817
6.227493
6.852388
6.646872
6.977081
6.310940
6.989956
6.939650
6.978512
6.807089
6.672144
5.991697
6.004095
5.708456
6.213903
6.756544
6.787062
5.916119
6.413221
6.208658
7.296801
9.767294
6.951571
6.853104
6.214142
6.043196
6.725550
6.659031
6.147146
6.884575
6.220341
6.798744
6.859779
6.935120
6.256580
6.153584
6.864309
6.735802
6.556988
6.662130
6.998539
6.717443
5.620480
6.174326
6.153822
5.958080
6.178617
6.500006
6.918430
6.758213
6.863832
6.771088
5.961180
6.127119
5.283594
5.311966
6.227255
5.793571
6.162167
6.032467
7.149458
6.588221
6.868124
8.064747
6.985664
6.180048
6.957293
6.047487
7.041216
6.036758
6.869316
5.982637
7.301092
6.646872
6.017923
6.519794
6.682634
5.549908
6.226778
7.006645
6.810904
6.035805
6.815672
6.705046
7.689238
7.883549
7.791281
7.087469
6.312609
10.988474
6.180763
5.996704
6.886244
6.108761
5.431890
5.767345
8.021593
7.537365
7.096291
7.854223
6.072998
6.227016
5.991936
6.680012
5.912304
5.992174
6.023169
6.126642
6.685019
6.432772
6.980181
6.242037
6.007671
6.731272
6.825209
6.863594
6.767988
5.844831
6.629705
6.863594
6.786585
6.121159
6.713390
5.917549
6.020784
6.682396
5.960226
6.216526
6.752491
6.204605
6.962061
7.420301
5.530834
7.870197
6.781340
6.380558
7.725239
6.285429
7.116556
7.185936
5.900383
6.047487
5.933285
6.192446
7.852554
7.034302
7.292747
5.992413
6.771564
6.556749
6.114721
6.680250
6.790400
6.670475
6.021500
7.407904
7.857323
11.416435
5.710840
10.187387
6.245613
7.268667
7.295132
5.916119
6.064892
6.790638
6.910086
6.923199
6.029367
5.338430
6.139278
6.055355
6.139994
6.778479
6.010771
6.733179
7.254124
7.775307
7.386923
8.125544
7.320404
6.990433
7.443428
6.994009
6.173372
6.283283
6.112814
6.087065
6.127834
6.303072
6.049395
6.347895
6.001234
6.987572
6.018400
6.988287
6.125927
6.165504
6.633043
6.083250
5.931139
6.776571
6.748676
5.908728
6.172419
6.173134
5.997181
6.658792
5.972147
6.084919
6.038666
6.099224
6.139517
6.005526
6.132603
7.912397
8.112907
7.373333
6.100178
6.922245
5.883694
6.563187
6.939411
5.977869
6.089449
6.924629
6.924629
6.759167
6.234646
6.111860
6.060839
6.444454
6.498337
6.592035
6.936312
5.953074
6.688833
6.300211
7.225752
6.099224
6.779194
6.680489
6.710052
6.171465
6.154537
4.934072
6.246090
5.010843
6.675720
6.195068
6.650209
6.145000
7.069826
6.164312
6.812811
6.631851
6.048679
7.517815
6.567001
7.132769
6.787777
6.083727
7.252932
6.794453
6.745815
6.890535
6.441593
6.346464
6.314516
6.213427
4.992008
6.213188
6.023645
6.899118
6.127834
6.162882
7.020950
6.897449
6.108522
6.849527
6.729126
6.796598
6.958008
6.917477
6.132603
6.682634
7.164717
5.021811
7.681608
6.487846
9.834051
7.281303
6.890535
6.807089
7.748365
7.076979
6.958961
6.622314
7.032633
6.907940
6.153822
6.587744
5.797148
7.663965
6.775141
6.283045
6.721735
5.993605
6.802559
6.106615
6.740808
6.223202
5.967140
6.368160
6.680489
5.670547
8.404493
8.031130
6.976128
7.418633
6.255150
8.956909
6.984949
6.850958
6.466389
5.796909
6.689310
6.806850
6.093025
6.308079
6.153107
6.781816
6.959677
6.323814
7.220984
5.972862
6.258726
6.258488
6.166220
7.211924
6.143093
6.320000
6.887674
6.548643
6.780624
6.110907
7.146835
6.221056
6.205797
6.230354
6.857395
6.148815
7.444143
6.071329
6.845236
6.891727
6.551981
6.172895
6.025314
6.152391
6.216288
6.966352
7.109642
6.700277
7.740498
7.839441
8.181095
6.834745
7.974148
5.282402
8.084297
9.252310
7.740974
7.249594
7.169962
6.937742
6.730080
8.137465
6.000280
8.102417
8.100510
8.142233
6.907940
9.168386
7.357836
7.220030
7.835388
7.373571
7.744789
6.693840
7.709026
6.672144
7.094860
7.866383
7.898808
8.166552
7.790327
7.419109
7.598877
7.587194
6.148815
7.137299
7.209063
7.210970
5.989552
5.877972
4.959822
11.217594
5.637884
9.986639
6.090879
5.357027
6.700277
6.072760
6.930590
6.231546
6.012440
5.899191
6.350040
6.027699
5.999327
6.476164
5.830050
6.797791
5.495071
6.333590
6.764889
6.829023
8.872509
6.450653
8.817196
8.179903
11.169910
6.992102
7.120609
7.164001
7.699728
6.883860
6.230354
5.861998
6.211758
6.685972
6.142616
6.997585
7.020950
6.982565
5.959034
7.283688
6.819248
7.936239
6.353140
6.653786
6.554842
6.449699
6.819487
6.869078
7.510662
6.977320
5.995750
6.228447
7.386208
5.913734
5.787849
5.906343
6.851435
6.165266
7.017136
6.743431
7.065296
6.363153
6.370306
7.205963
6.370544
7.010460
6.060839
6.201744
6.841660
5.952835
5.547523
6.797314
6.099463
6.014824
6.930113
6.131172
6.781578
6.945848
5.933285
6.370783
6.993294
6.181955
6.052971
6.004810
6.819248
5.981922
6.417990
6.072998
7.144928
7.906675
7.048130
7.194996
7.755280
7.086515
7.969379
7.865191
6.376266
7.063866
7.082701
7.880688
6.500721
7.035732
8.090496
7.279158
7.831097
7.254839
11.494398
7.061720
6.723404
6.057262
6.466150
6.611586
6.207466
6.579638
6.164074
6.093502
7.869720
8.009911
7.239819
8.904457
6.373644
5.964756
6.922245
6.605387
6.607771
5.991697
6.531477
5.974770
4.994392
6.545067
10.300636
7.580519
6.730080
6.333351
7.004499
6.782770
6.364822
7.412434
6.071568
6.900787
6.565332
6.270170
5.789757
7.134199
6.006718
6.708860
7.089138
6.690264
6.079912
5.878448
6.040573
7.122517
6.246328
6.649017
6.764412
6.712914
6.085157
6.641388
6.148100
6.064892
7.003069
6.273985
6.265640
6.876945
6.769657
7.746458
7.949114
6.834030
6.059408
8.455992
7.373810
7.889986
7.815123
8.017302
7.184744
7.037163
7.223368
5.905867
6.022453
8.282900
8.237839
7.152319
7.137537
7.338047
7.123232
11.249304
6.189108
6.064653
6.837368
6.647348
6.169796
7.069349
6.066322
6.665230
5.332232
6.830215
6.366730
6.735325
5.974293
6.051064
6.007671
5.700588
7.828474
12.900114
6.169796
6.954193
6.226778
6.807566
6.551981
6.660461
6.067991
7.100105
5.984545
6.937265
6.083250
5.993605
7.076502
7.092237
7.088900
6.419420
6.731033
5.993366
7.109404
6.923437
6.225109
6.790638
6.081820
6.708860
7.093430
7.042646
5.917788
6.975412
6.180525
6.901741
6.762266
6.744146
6.088495
6.989717
7.059336
6.089211
6.824017
6.851435
6.945372
7.984638
6.055593
12.990713
6.999493
6.031990
6.280899
6.003141
6.522894
7.224083
6.205082
6.150961
6.417751
7.051945
7.251263
7.899046
6.224871
6.117105
6.957769
7.384300
6.119967
6.916523
6.670952
7.168055
6.009579
7.137060
6.844044
6.950378
6.885767
6.280184
6.181955
6.404877
5.887747
6.200075
7.008553
7.041693
5.831718
6.133795
6.103992
6.815195
6.814241
7.113695
6.795168
6.825686
6.878853
6.299019
6.238222
6.142139
6.608009
5.866051
5.899906
6.859541
6.788015
6.937981
6.631374
6.947756
7.059574
6.769896
6.127834
6.879330
6.909609
6.041765
6.752253
6.819725
6.458998
6.951809
6.743193
6.644487
6.107092
6.870270
6.136179
6.126881
5.984068
11.386395
6.850719
6.906986
6.860495
6.133318
5.182028
6.832361
6.115198
6.740332
6.212711
6.583929
5.950212
6.902218
6.306887
6.213665
6.770134
6.732941
6.723404
5.533457
6.917000
6.640434
6.415844
9.962559
7.027626
6.008625
5.978823
5.860329
6.067038
6.652832
6.796122
6.081343
6.250381
9.977341
6.670713
5.887032
6.798744
5.884647
6.137133
6.046295
6.038904
6.825447
6.165743
6.139278
6.902695
6.217957
6.012440
6.788254
5.921841
6.216288
6.639481
5.971670
6.935120
6.194592
6.779194
5.880356
6.264687
5.329609
6.290436
6.150007
6.889105
7.271290
6.887913
6.375313
6.483555
7.444382
7.174492
6.894827
5.997181
6.940603
6.221294
6.484270
6.365538
6.036997
6.925106
6.095409
5.969286
6.063223
6.130219
6.101847
6.317854
5.800009
6.676435
6.762981
6.587744
6.052256
5.947113
5.479097
6.861687
6.091833
5.947828
6.901503
6.094217
6.072760
5.316496
7.024288
7.299423
6.234407
5.935431
6.798744
6.082773
7.675648
6.783485
7.378340
6.017208
6.078482
7.207870
7.291317
7.616282
7.233381
7.776260
6.937981
6.957531
7.719994
7.074356
6.567240
6.039619
5.917788
5.880594
6.095171
6.159782
6.299257
7.908583
12.965202
7.032156
6.089449
5.962849
5.912781
5.804777
6.105185
5.999088
6.896496
6.658554
5.906820
5.995512
6.666422
5.970478
6.005764
6.713152
6.300211
6.815434
7.194281
6.137371
7.375479
7.170916
7.059574
11.508226
7.070303
5.962133
6.861687
6.835461
6.623268
5.941629
7.075310
6.914616
5.949020
5.615711
6.779671
10.328770
6.225109
6.717920
5.964279
6.773472
6.718636
6.161690
6.504774
6.209612
5.369902
6.234407
7.002354
6.658792
6.513119
7.329702
6.093264
6.863832
6.542921
7.231712
6.003618
6.720066
7.152796
7.756233
12.252569
6.339788
6.799698
6.047726
6.842613
6.800175
6.998062
7.138491
6.727934
6.964207
5.804777
6.301880
6.718159
5.357742
6.127834
6.289482
6.924629
6.865025
5.913496
6.186485
7.354975
6.403923
6.654263
6.166935
6.813526
6.233692
7.108212
6.106615
6.975651
6.680965
6.889582
6.042242
6.092310
7.105350
6.828547
6.920099
7.056236
6.828070
6.233454
7.042885
6.002426
6.548166
6.041527
6.295681
7.353544
6.257534
6.691694
6.814003
5.991220
6.142616
7.183075
6.806374
6.255865
6.982565
6.985903
6.969213
6.966352
6.876230
7.024050
5.978823
5.764961
6.751299
6.155968
6.889343
6.096601
6.040812
6.785154
6.616354
6.268740
6.383419
7.183313
6.142378
6.622314
5.396843
6.435156
6.822586
6.810427
6.112576
6.201267
6.378889
7.018328
6.701946
7.133245
6.128073
6.110430
6.190300
6.719351
5.926847
6.020308
5.635977
6.349802
5.673885
6.565571
6.719112
6.072760
6.628275
6.967783
6.877422
6.143093
6.823540
6.057501
6.491899
5.962372
6.847143
6.083488
6.847382
6.772995
7.144451
6.731510
7.915497
8.230686
7.212639
7.161617
7.054329
7.699728
7.816553
7.905960
8.178711
8.059978
6.798744
7.527828
7.548571
8.100510
6.951332
7.191181
7.131100
7.150650
7.256746
7.238626
8.090734
6.524324
8.134365
8.020878
7.848501
7.888556
7.932901
12.451887
7.997751
7.943869
7.887840
7.162333
7.203579
7.831097
7.623911
8.113623
5.851030
7.475376
7.097960
6.178617
8.091927
7.838726
6.318569
7.994652
7.282495
7.286787
7.213354
7.322311
8.068085
7.771730
7.649899
7.594824
6.499767
7.807732
8.182526
7.930279
7.879496
7.971764
7.991314
7.163763
8.090973
7.412434
8.161545
7.530451
8.094311
8.200169
7.928610
7.093191
7.833481
7.375717
7.155418
7.258415
8.029222
7.841825
7.211447
7.958174
7.842779
7.652521
7.185221
7.988214
7.246733
5.615950
8.099794
7.264137
7.892847
8.064270
8.014202
5.861521
7.886887
7.888556
13.469934
7.434368
6.110430
6.030083
6.747007
6.063223
6.949186
5.986214
5.980730
5.954981
6.824493
6.717920
6.908894
6.319284
5.937338
6.004095
5.708456
6.606340
6.158829
6.250381
7.019758
5.921602
7.514477
6.297827
6.318331
6.919146
6.676912
6.834269
6.758213
5.944490
6.309509
6.514311
6.401300
6.216049
5.860806
6.987572
6.066322
6.682396
6.973743
6.072998
6.105900
7.059097
7.088900
6.185293
7.157803
7.047176
5.980968
6.759882
5.943060
6.189346
6.203175
7.111073
6.779194
6.630659
6.730318
6.941795
6.104469
5.959034
6.636381
6.839275
6.277561
5.426168
6.309032
6.248474
6.271601
6.085157
6.773949
6.728649
6.596327
6.755829
5.797386
6.651640
6.787300
5.413771
6.813526
5.860806
5.987883
5.990505
6.780863
5.717993
6.124020
6.553888
7.206440
7.015705
7.053614
6.173134
7.160425
6.702185
5.981922
6.757021
6.307602
6.253719
6.309748
6.118774
6.109476
6.297112
6.167173
6.955862
6.181717
6.939411
6.832123
6.165028
6.008625
6.947756
6.892920
6.927729
6.286860
6.852388
6.791592
6.481409
6.327868
6.127357
6.258726
6.144285
7.021427
6.199837
7.630110
6.911755
6.000042
6.237030
6.091356
6.253481
6.886721
7.867575
7.649183
6.962776
6.072521
6.699085
6.718397
6.628275
6.018877
6.069422
6.577492
6.011963
6.829977
6.697416
6.110668
6.923676
6.867170
7.667542
6.730080
6.075859
6.863832
6.750822
6.173611
6.781578
6.906271
6.827831
6.514311
6.011009
6.712437
6.875277
6.019831
6.120205
6.783247
6.737232
6.799936
5.955696
7.431507
7.849932
7.205009
6.886721
7.796764
7.933140
7.066965
6.963968
7.753849
7.624388
7.799864
6.045580
7.129431
7.809639
8.352757
5.984545
6.613731
6.610632
6.529331
6.583691
7.947683
8.868456
7.898092
6.574392
6.855965
9.283066
9.140968
6.959438
10.818720
9.534836
6.808758
7.970095
7.400274
8.186102
7.295609
7.247448
6.712437
7.625341
7.200241
8.098841
6.613731
9.185553
7.155418
7.824898
6.662607
7.255077
6.303787
6.795406
7.017136
6.252050
6.826162
7.661104
6.267309
8.480310
10.046721
7.154226
6.047726
6.211519
6.163597
6.338835
6.686449
6.993294
6.452560
6.792068
7.495642
6.140471
7.435560
7.315636
7.130384
6.968260
6.893635
6.806850
6.712198
5.987167
6.711483
6.062031
6.860971
6.063461
5.978107
6.167412
6.995440
7.188797
6.100893
6.164789
8.181095
7.311344
7.167816
7.014275
6.771803
7.589579
7.162571
7.029533
6.783962
5.898237
6.118774
6.133318
6.425858
5.975723
6.502151
6.251574
5.936146
6.009340
6.726742
6.969213
5.913019
5.636692
7.163048
6.590366
5.423546
6.369114
6.475449
6.733179
6.766319
6.721735
6.857634
6.773949
5.923748
5.946398
6.044626
7.956028
7.086754
6.988764
7.325411
7.317066
7.269382
6.244898
6.675243
6.776333
6.174803
5.920410
6.173611
5.920887
6.005764
6.691456
6.142855
7.026434
7.618666
6.847143
5.518436
7.050276
5.907536
6.649733
5.981684
6.689548
5.733728
5.274296
6.189823
6.039619
6.078482
6.850243
6.011963
6.834269
6.156683
6.355047
7.957697
7.936239
7.733107
7.031918
7.899284
7.023096
8.708954
7.486105
7.252216
7.328749
7.453680
7.940531
6.407261
7.185459
7.521629
7.965326
8.188486
7.751226
7.099867
6.130219
7.102728
7.941008
7.802010
7.853508
7.254124
5.896568
11.081219
6.188154
6.888628
6.803274
6.645918
6.761551
6.007910
6.670475
6.802082
6.062269
5.631208
6.140709
6.737709
6.910801
6.113052
5.825520
6.200314
5.877972
6.006002
6.060839
7.253885
6.410599
7.176161
6.299257
5.869389
6.360292
6.149530
6.682634
6.829500
6.119728
6.723642
6.808281
6.123304
6.157875
5.973816
5.949736
11.415005
6.963015
6.736755
5.862236
6.023169
6.155014
6.758213
6.315231
6.871223
6.775618
6.051064
6.545782
6.032705
5.536318
6.273270
6.952524
6.119251
6.912708
6.067991
5.960464
6.455183
6.364822
6.415606
7.003307
5.998611
6.658077
7.261276
6.583214
6.856680
7.092237
6.091356
7.357597
7.197380
5.776882
6.792068
6.668568
6.105900
7.187843
6.014109
5.975962
6.018162
5.878448
6.130934
6.253004
6.091118
6.847858
6.814718
6.139994
7.010698
7.255793
6.080151
6.577730
7.560968
6.674290
6.531715
7.605314
7.344961
6.783009
6.153584
6.042242
6.284952
6.259203
6.883144
7.371664
7.181406
7.074118
6.517410
6.762505
6.697893
6.850004
6.741762
5.706549
7.198334
5.958796
6.750822
6.743670
5.951643
6.076574
7.529497
7.931471
5.970001
6.022453
6.836414
7.951975
6.411314
7.175684
7.404566
7.855415
6.731033
7.420063
6.960392
7.200241
6.682873
7.332087
8.103132
8.620262
11.742830
7.238626
6.237030
7.026434
6.949425
7.230282
8.033037
7.006645
6.522417
6.709576
7.063389
6.814003
5.790472
6.302357
6.019592
7.048368
6.161213
6.153584
6.043673
7.025719
6.649256
6.128550
6.675005
7.356405
6.042719
6.451130
7.183075
7.171631
5.950212
6.487131
7.397652
6.825209
6.966114
6.815672
6.046534
6.106615
6.008148
6.095648
6.265163
11.572123
6.480932
6.258965
7.616758
6.792784
7.516146
6.291151
6.539583
7.355452
7.639647
7.751703
7.119417
8.641958
6.384611
8.665562
7.994175
5.766869
8.496046
8.309364
8.687019
6.259203
7.846594
7.406950
6.944895
8.026600
7.509947
6.621599
6.614923
6.401539
6.615400
8.282423
7.012844
8.318186
7.190704
6.663322
7.673979
11.400700
7.980108
7.298946
8.743525
7.786989
7.312775
7.867575
6.815672
6.489277
7.294893
8.153200
6.851435
7.258654
6.538868
7.482767
5.664587
7.389784
5.619287
6.156921
6.140709
6.066084
6.895065
6.263971
7.291555
6.183863
6.779432
6.565809
6.861210
6.113768
6.106615
8.628607
8.267403
8.294344
8.703470
7.790804
8.279800
8.436203
6.058455
7.979393
8.229256
9.641647
9.386778
9.339094
8.427382
8.105278
8.606434
7.079363
5.755901
6.152391
6.092548
6.264210
6.546974
6.670475
6.988764
5.913258
7.076025
6.022453
6.018400
7.300377
5.956173
6.346941
6.778240
6.816387
6.759644
7.666588
7.217407
6.085396
7.310867
6.139994
5.306244
6.755114
7.166862
7.149458
7.806301
7.035971
7.519245
7.102251
6.902218
6.098032
7.316351
6.390333
7.248163
7.381201
6.801128
5.918980
6.997585
8.044481
7.458210
7.574320
6.215572
8.630753
6.545067
7.757902
6.714106
6.605625
6.804228
6.617546
8.705378
7.622242
6.958246
6.035805
7.356882
8.159161
8.510590
7.166386
5.769253
5.819082
8.008957
8.363724
7.946968
7.061958
7.204294
6.868362
7.697105
8.256912
8.810997
8.370399
7.057428
7.038832
8.059263
7.137299
8.181334
7.869720
8.763075
6.729603
6.740570
6.798029
7.581711
8.460283
7.208109
7.400751
7.381201
6.956100
7.957220
8.915424
8.348227
7.562160
6.095886
7.115364
6.771088
7.021427
5.962849
6.053686
6.949663
6.731272
6.693125
6.048441
6.344080
6.139755
7.547855
6.655216
7.701635
8.388996
7.484913
8.090973
7.464647
7.987022
8.651972
7.427692
7.870197
7.944345
6.620407
6.360531
9.141922
7.620335
6.908894
8.226395
7.183075
7.874012
7.143736
7.685423
6.927013
7.848024
7.880926
6.602526
8.142948
7.084370
6.399870
7.194281
6.919622
5.867004
7.990837
5.989075
7.395744
7.597685
7.604361
7.891655
8.230209
6.216764
7.522821
6.067514
7.223845
6.471395
7.433176
6.231308
7.766485
6.851673
6.971359
6.113052
6.980181
8.636475
6.989956
7.328033
7.512331
7.742882
7.382870
7.413387
7.798433
7.405043
7.138491
5.647898
5.711317
7.106781
7.920742
7.156849
8.689880
8.529902
7.606268
7.938385
8.168697
6.116629
6.498575
8.351326
8.544922
8.098841
6.699085
7.018328
7.196665
8.022785
8.196115
7.235765
6.172180
6.870031
8.189917
7.294416
7.259369
7.496595
5.990744
7.231474
5.965471
6.433487
6.626844
7.080078
7.373810
6.730318
7.874250
8.475304
6.588936
6.250620
7.632256
6.913662
6.829977
5.953550
6.646156
6.674767
6.734848
6.845236
6.953239
7.057428
6.696224
6.877184
7.528305
8.798361
8.259773
8.104563
7.187843
8.612633
6.740093
6.263256
7.118702
6.062269
5.725384
5.696535
7.057190
6.013870
6.087303
6.153345
6.891489
6.193638
6.000519
7.106781
5.884171
6.793499
6.848812
6.177187
6.090403
5.107880
7.618904
6.011724
5.935192
6.281614
7.606983
7.030010
7.991791
5.727768
7.070303
7.189512
7.271051
6.973982
6.995440
9.855032
7.151604
5.440235
6.317854
5.863905
6.175518
7.240295
6.152868
6.829739
6.278038
5.977392
6.108999
6.837368
6.928682
7.139921
6.227732
5.715132
9.851217
6.241560
6.944895
6.209373
6.924629
7.699490
6.327868
6.781578
5.878448
6.486177
6.588936
6.841183
6.805897
6.788015
5.954742
5.920410
6.484985
5.644321
7.246017
6.856441
5.917072
6.857872
8.094549
7.023335
6.269217
7.193089
7.441044
6.970406
7.294655
6.340981
7.150173
6.005049
6.864786
6.729126
6.745815
6.224871
6.844997
5.983114
6.803036
6.181002
6.168604
6.072521
10.045767
6.805897
7.032871
6.187916
6.188393
5.275011
6.317139
7.584810
6.390572
6.100655
6.642342
5.906582
5.638599
6.642103
5.958080
6.045580
6.932497
6.643772
6.095886
6.966591
7.097244
7.128716
6.398678
6.804943
6.123781
7.201672
6.073952
6.112099
6.814957
6.376743
7.126808
6.129265
6.737232
6.809473
6.648779
6.121874
5.896330
6.965876
6.120682
5.921602
6.001234
6.464720
6.963253
5.970001
7.092714
7.169962
6.271839
7.184744
6.761312
5.871058
6.147146
6.682396
5.971432
6.676674
7.243872
5.875826
6.239653
6.787062
8.074284
11.186123
6.722689
9.703398
7.388830
6.802082
6.032228
6.927490
6.925583
6.137848
7.174015
6.918430
6.078959
11.544704
7.091999
6.085396
6.896496
6.649256
6.898403
6.077766
6.906271
6.029844
6.093502
6.845236
6.667137
5.834818
5.968332
6.902218
5.618572
6.980181
7.096767
7.124424
5.980492
6.815910
6.035328
6.680727
7.114172
7.607937
6.778240
6.624937
6.439924
7.379770
7.561207
6.715775
6.054163
6.869793
5.567789
6.798506
6.736755
5.628586
6.052494
6.595135
6.120443
6.067753
5.479097
6.195784
6.157398
6.741047
5.640030
6.382465
6.868362
6.629944
11.509895
6.226778
6.821871
6.796360
6.867886
6.031752
8.807659
6.869793
8.668423
10.061026
6.146908
6.610870
8.206367
8.126974
8.103609
7.206202
8.337975
6.171942
8.434296
6.614447
8.040428
6.160736
6.036282
7.895947
5.983353
5.836725
6.169081
6.754398
6.101608
7.094622
5.648375
7.364750
5.915403
6.825447
6.848574
7.576227
6.059885
6.955147
6.888390
7.045031
7.015228
6.955624
6.854057
7.006407
6.242275
6.089449
6.173134
6.911516
7.789612
9.027004
8.010387
6.189346
6.732225
6.004095
8.775711
8.841276
7.194281
7.181644
6.824255
7.906914
8.375883
7.121086
9.673357
7.556438
6.435156
7.463217
7.159710
6.221533
6.428003
7.494688
8.599520
6.743908
7.601500
6.760836
7.536173
6.001949
7.513762
7.853985
7.788420
7.848263
7.122755
6.902218
6.382942
7.539272
7.936239
10.718584
7.539988
7.605791
7.609844
6.458044
9.332180
7.726431
10.899305
8.450747
6.632566
7.199526
8.096933
6.834507
6.600380
8.720160
6.687880
6.814003
8.859158
9.149551
8.182049
7.398605
8.470297
7.143736
8.802652
7.046700
7.862329
8.553267
7.260323
8.717537
8.116722
7.075071
7.011414
7.365942
6.673098
6.037235
6.125689
6.045103
5.938292
5.982637
9.047031
7.119656
6.893396
7.134199
6.230116
6.875992
6.049633
6.306887
6.855249
6.927967
6.737471
7.329464
6.015301
6.006002
5.799055
6.768703
6.691217
6.225109
5.713463
6.008863
6.064177
6.948233
5.790472
6.778479
6.080866
6.762266
6.161690
7.023335
6.099463
6.990671
6.786108
5.626678
6.932259
6.978989
6.595373
6.061554
5.399466
6.050825
6.761551
5.986214
5.513668
7.018566
7.558584
5.835295
6.805420
7.073402
6.027937
6.009102
6.359339
6.026983
6.045103
5.800009
6.186962
5.968094
6.654739
5.377293
6.921768
6.076336
5.980492
5.985260
5.975246
6.747007
6.611824
7.029533
7.037640
6.582022
5.243778
6.986856
6.387234
5.971432
6.963015
6.914616
7.293463
6.914139
6.955385
6.618738
6.138563
5.466461
6.983519
6.834030
6.748676
6.040335
6.699324
6.918430
6.924152
6.808996
6.067991
6.031036
6.710529
6.720781
6.109476
6.697416
6.683826
6.845236
7.287025
6.017923
6.927252
5.951643
5.972862
6.017685
6.666899
5.978107
5.594969
6.846905
6.719589
6.147385
6.103039
6.128073
6.080627
6.863356
5.765915
6.218433
6.777763
6.042957
6.842613
6.133795
5.978107
6.738424
6.641865
5.999327
6.022215
6.740332
9.969234
6.140471
5.524635
6.124973
6.669998
5.996704
5.968571
6.103754
6.119728
7.424593
6.376743
6.175041
6.076097
6.793022
6.766558
6.146908
5.967617
5.856037
5.905867
6.355286
5.965471
6.539106
5.570173
6.844759
6.040812
6.620169
6.870031
6.735325
6.778479
6.829977
7.050991
8.028030
7.926464
7.006645
7.163286
7.078648
6.258965
5.521774
8.031130
7.134914
8.105993
7.156610
7.264376
7.726192
7.725954
7.181883
7.110596
11.385202
8.018732
7.322788
7.809162
7.000208
6.056547
8.066654
7.805824
7.121325
7.135391
7.303953
7.285595
7.779121
8.018255
7.256746
7.836103
7.129192
7.740259
6.270647
7.211208
5.601883
7.146597
7.700205
5.645275
8.216858
7.260561
6.072998
7.019520
11.160374
7.143497
7.982254
7.918596
7.236481
7.117510
7.499456
7.761240
6.288290
7.157326
7.841110
7.833958
7.004738
7.131100
7.192612
7.006407
7.156134
7.146597
7.812262
6.931067
7.107019
7.092953
7.861614
6.723166
7.667780
7.735968
5.718708
5.725622
7.998943
9.963036
7.075310
6.434679
7.179737
11.762142
6.380320
6.936789
6.872416
6.779432
5.955458
7.166624
7.881641
10.840416
6.925344
6.100655
6.840229
6.519794
5.843401
7.050514
5.911112
6.133556
6.580591
6.781578
6.731033
6.009579
6.036043
6.258011
6.362677
5.787611
6.614208
6.083965
4.989147
6.010532
11.491299
6.199121
5.985737
6.206036
6.862879
5.939245
6.103277
6.765604
5.927801
6.089687
6.688356
6.224394
7.022858
6.692410
6.019354
7.172585
6.799459
6.172180
6.949902
7.075310
6.722927
6.016731
5.649328
6.700993
6.132364
6.713390
5.964279
6.964922
6.864309
6.685734
6.914854
6.691456
6.063938
6.086826
6.890774
5.895615
6.686687
6.731749
6.035805
6.777525
6.737709
6.072044
6.035566
5.998850
6.084442
6.714106
6.831884
5.970478
6.201982
5.928040
6.635427
6.871939
5.932093
6.861210
5.969048
5.962849
5.153894
6.159067
6.037951
5.998135
5.954504
5.312443
7.294178
9.965181
6.267071
6.621122
6.654263
6.130934
6.720304
6.624937
6.701708
6.861210
7.157087
6.886959
6.733894
5.952597
5.518436
6.155014
6.849289
7.004499
6.126165
6.276608
7.127523
6.094217
6.831646
7.036924
6.023884
6.573439
6.539822
6.252050
9.923935
7.296801
6.100416
6.790876
6.087780
6.531477
5.805492
6.184816
7.766485
7.074118
7.116318
7.929564
7.235050
7.231236
7.900715
8.010149
8.126736
7.122517
6.385565
7.203341
7.586956
7.296324
10.196686
6.242752
6.732702
5.896568
5.730152
7.214546
6.024837
5.934954
6.257057
6.978035
7.028103
6.162405
6.746292
6.779432
6.915569
6.732225
6.213665
6.767273
6.729126
5.555630
7.155180
6.057501
6.878376
6.008148
6.943464
6.896019
6.948471
6.106377
6.112337
6.045341
6.085873
6.559134
6.059408
6.732464
6.655931
5.846024
6.732702
6.798744
5.514622
6.916285
6.769896
6.013393
6.073713
5.940676
6.615400
6.093502
6.802082
6.398678
6.689310
6.496668
5.986452
6.135702
6.137848
6.774664
6.129980
6.552458
6.573677
5.908251
6.713629
7.447004
7.251978
6.038904
5.916119
6.566763
6.551027
6.644487
6.797075
6.068468
5.956411
6.023884
6.499529
6.394625
6.589413
5.958557
6.799936
6.162643
6.898165
5.349159
6.332397
6.671429
6.857395
6.080627
6.853580
6.702662
6.835938
6.154776
6.120682
6.270647
6.785154
6.774902
7.075071
7.177830
6.728888
6.816149
6.693363
6.111383
6.358147
6.769657
6.879807
6.798029
7.411480
11.257887
6.283045
6.921530
6.945848
6.872177
6.831408
7.793903
8.131981
7.665396
7.100105
8.120775
7.878304
6.900787
8.216858
7.179260
7.819414
9.839296
5.972624
6.676674
5.900621
6.667137
5.938292
6.086349
5.490303
6.927490
6.755352
6.853342
5.976439
6.602049
5.987883
6.808519
6.715536
6.048441
6.680012
6.649733
6.675959
6.129503
5.719662
6.287098
6.736994
6.750345
6.718636
6.936312
6.264210
6.191015
5.957365
6.150007
6.092072
5.966425
6.106138
6.862164
6.973028
6.821632
6.097317
7.120371
6.059647
6.797552
6.784201
6.642342
6.715775
6.653547
5.504847
6.107330
6.477594
6.108522
6.279945
6.819487
6.736040
5.893469
6.075144
6.311655
6.184101
5.984545
6.839514
6.899357
6.894112
6.103039
6.083727
6.058455
7.144690
5.862951
6.906986
7.027149
6.824017
6.069899
6.960869
6.271124
6.752729
6.773949
6.714106
6.215334
6.848097
6.521940
6.148815
6.112814
6.939888
6.018162
6.783009
6.600142
6.750584
5.998135
6.828547
6.759167
5.983353
6.248713
6.227970
6.016970
6.931782
5.977392
6.250143
6.818295
6.606817
6.885052
5.755663
6.082773
5.929708
6.178379
6.869793
6.857634
7.007837
6.249905
6.081104
6.875753
7.867098
7.761478
8.196831
7.132769
7.827282
6.236076
11.484146
6.121397
6.158829
6.088018
6.969929
9.741068
7.040501
6.574154
6.021023
7.114172
6.044388
5.977869
6.304502
6.293058
6.120443
6.201029
6.111145
6.037712
6.723881
6.160975
6.915092
6.554842
5.992413
6.789684
6.063700
6.955862
6.943703
7.158756
7.015944
6.955862
6.374836
5.765200
6.921291
6.737947
7.691860
5.641699
6.904364
6.887674
6.857634
5.964279
5.990505
7.114887
8.083344
7.778406
7.120132
8.396864
7.140398
7.417202
7.813215
7.007599
7.908106
7.905006
7.035017
7.858038
7.138968
7.781029
7.711411
7.252455
6.410837
7.989407
7.862091
7.790089
7.244110
7.971764
6.392717
8.011580
7.968903
5.597353
7.983923
6.860495
7.256746
11.798382
6.357908
6.972551
6.248236
6.811619
6.082535
6.470203
6.770134
6.191492
6.603479
5.922079
6.128550
5.931139
6.132364
7.120848
7.120371
6.828547
5.895615
6.883383
6.984949
6.179810
6.562233
6.276846
6.244421
7.024050
6.151915
6.311655
6.956339
6.792545
6.483793
6.407738
7.029772
5.899906
6.103277
5.985975
5.335093
7.971525
6.862402
6.826401
6.871223
6.170273
6.283283
6.681919
5.973816
6.891727
5.770445
6.053686
6.931067
6.875992
7.209539
6.268740
6.203890
6.297827
6.221771
6.107330
6.872892
6.970882
6.288528
6.448984
6.137848
6.165028
6.819010
5.509377
6.978273
6.900549
6.830215
5.511522
6.273031
7.022619
6.054878
6.073952
6.977797
6.016731
6.782770
6.204128
6.079197
5.491734
6.359816
6.244659
6.735325
6.069660
6.162643
6.963015
6.241798
6.236315
7.706881
6.616354
7.065058
6.725788
6.066799
6.972313
5.974054
7.120848
6.143093
7.035255
10.914803
6.965399
6.788492
6.858826
6.700516
6.755114
6.595373
6.308794
5.942822
6.767273
6.852865
6.865263
7.255793
6.002426
6.820679
6.606817
5.999804
5.529881
6.187439
5.990028
6.020546
6.308794
6.012917
6.129503
6.768942
6.024361
9.129763
9.780169
6.333113
7.914782
8.211851
6.905794
6.653547
6.629467
6.481886
6.399155
7.135630
6.764889
6.082296
7.021666
6.772041
6.778002
7.356644
6.376982
6.132841
6.787062
6.772995
6.773472
6.725311
6.686687
5.945921
6.782055
6.199837
6.210327
6.554127
5.881786
6.611347
6.467581
6.133080
6.390810
7.021189
7.395029
5.998135
6.117821
6.090879
7.029295
7.397413
7.730246
8.563042
7.200241
7.223606
7.783413
6.983757
7.174253
7.055998
8.785248
9.066105
7.403612
9.721994
8.654833
8.092165
6.165743
7.302761
6.663561
9.379864
8.347988
8.453846
8.189917
8.588076
8.805037
9.813786
7.568359
6.802320
7.257938
8.658171
6.203890
7.255793
7.116556
10.321856
7.760763
6.413698
6.317616
6.411076
9.201527
6.841660
7.723331
9.317875
8.745193
8.090734
8.769512
9.728432
8.698225
8.203268
7.087708
6.637812
6.962299
6.763220
7.109880
8.173943
7.749081
6.535769
7.973433
7.272959
6.813526
6.858110
7.130384
6.801367
6.889820
7.280827
7.358074
7.933140
7.988453
8.355856
10.904789
6.941795
6.695747
6.247997
7.019043
6.001234
6.316900
7.512331
6.044865
7.190704
6.186962
6.810188
6.789207
6.661654
7.293463
6.620646
6.134987
6.009340
6.708860
6.075382
7.139444
6.721497
6.837368
6.070137
7.525682
7.610559
7.107019
7.098198
6.446123
6.207466
6.184578
6.180286
11.560202
6.321192
7.186651
6.762981
6.690741
6.165981
6.126404
7.296085
6.388903
6.156921
6.646872
6.980419
5.856276
6.131649
7.000446
6.844521
6.745815
6.681204
6.683111
6.116629
6.783247
6.861448
5.902767
5.954742
6.790161
6.845951
6.707907
7.032156
6.742716
5.922318
6.806850
6.030798
5.325794
6.889582
7.152081
7.782221
5.799532
8.067846
7.170439
7.147074
8.410931
7.082701
8.000851
6.987572
7.254124
7.506847
7.717848
7.284880
7.179022
8.043528
7.125854
7.156134
7.807255
5.760670
7.054090
6.282568
8.763313
7.077694
7.950306
7.061958
7.895470
7.931948
7.373810
7.143974
6.275177
7.155895
7.352352
7.095575
10.825157
7.075787
8.093834
7.993221
7.794142
7.785797
7.065535
6.913900
5.636930
7.909298
9.959459
6.817102
5.940437
6.226301
6.308794
6.276131
7.253408
6.767511
7.080078
8.166552
8.195639
7.121086
7.287741
6.683111
5.947828
6.706715
6.348372
6.160259
8.075953
7.588387
8.046865
9.699821
6.143570
6.724834
6.798744
5.839109
5.782366
6.252289
6.843090
6.881237
6.101847
6.090879
5.960941
7.018566
6.427765
6.261349
6.228209
6.687641
5.963087
6.430149
7.389545
7.065535
7.623911
7.029533
6.039381
6.121397
6.721973
6.309032
6.681919
6.095171
7.582188
6.363392
5.943537
7.260084
6.826162
6.794453
5.831242
6.067991
6.858110
6.048203
6.161690
6.156683
6.841660
5.962610
6.046772
6.778955
5.495071
7.040739
5.900145
6.719351
5.941868
6.150961
6.862879
6.194353
6.074190
6.098509
6.892920
5.845070
6.668806
6.791592
6.641865
6.113052
5.948544
6.019115
6.166935
6.751060
5.796194
6.524563
6.947517
6.364346
6.769657
6.377697
6.989241
7.239819
6.860495
5.929708
5.901337
5.948544
6.037951
6.944895
6.161690
6.058693
6.780624
6.989479
6.734610
6.760359
7.009506
6.071568
6.855965
6.088734
6.702900
6.104946
6.483555
6.667852
5.980730
6.357431
6.431818
6.242275
6.872654
6.381989
6.898165
5.919933
6.655455
6.167650
6.668091
6.770849
6.913185
6.175280
6.322145
6.303787
6.792545
6.217480
7.032871
7.057190
9.788752
6.326914
6.223202
6.083012
5.885124
6.936550
6.778955
6.785631
6.238937
6.185770
6.152630
6.180763
6.124496
6.248713
6.691217
6.162643
7.124424
6.976366
5.455494
6.310225
6.015062
6.832361
6.928444
6.872654
6.786823
6.674528
6.066561
5.889177
7.242680
6.654739
5.993605
6.237268
5.978823
6.034613
6.626844
7.018805
6.967783
6.746769
7.010937
6.256342
6.941795
6.921291
6.914139
10.047674
6.808043
5.925894
6.697893
8.387327
6.096840
6.011248
6.754160
5.576849
6.207705
6.124496
6.655455
5.323410
11.368513
7.112026
6.741524
6.707191
5.996227
6.799221
6.157160
6.093264
6.889343
6.719828
5.850077
6.602049
5.970716
6.169796
6.909847
6.046295
6.154299
6.992817
6.368637
7.051706
6.888390
6.961107
7.155895
6.217480
5.599976
7.032156
6.054401
6.186485
6.859064
6.029606
6.098986
6.219625
7.295132
7.130146
9.955645
6.308794
6.729603
6.993532
6.796837
6.157398
6.040335
6.186485
6.918430
6.691694
11.172295
6.884336
6.226540
6.742716
6.953955
6.941080
6.006479
7.000446
6.233931
6.956577
6.906509
6.371260
6.507397
6.982803
5.962372
6.150723
5.963802
6.606579
6.800890
6.144762
6.807804
7.037640
6.733418
6.261826
11.565208
7.193804
6.082296
5.778074
6.024837
5.979776
6.049633
6.070614
6.101847
6.788969
6.049633
6.175518
6.196976
6.911755
6.167650
6.161690
6.662607
6.624460
6.779671
5.699396
5.668640
6.522179
6.567717
6.884575
6.049395
6.836891
6.091356
6.035566
6.528854
6.232262
5.906820
6.096363
6.664753
6.048441
5.454063
6.204844
6.106853
5.991936
6.908655
7.160902
6.664038
5.995750
6.265402
6.119251
6.823301
6.818295
5.995035
6.144762
6.832123
5.987167
5.970001
6.698370
6.071091
6.866217
5.689383
7.759333
12.774467
5.966902
6.798983
6.809950
5.965710
6.637573
7.092714
5.460978
8.295536
6.252766
6.054163
6.106853
7.073164
7.334948
7.608652
6.240368
5.462646
8.100748
5.671501
7.023096
11.553049
6.113768
6.711006
6.078482
6.035805
6.687641
6.699085
5.982399
5.604744
7.193089
6.700039
6.871462
6.748676
6.640196
6.150246
6.915092
6.971598
6.114483
6.804943
5.909443
5.983114
7.276058
6.638288
5.882025
5.991220
7.003069
7.123232
6.795406
6.868124
6.650925
6.324530
6.329536
6.428719
5.930424
7.830858
7.558584
5.925417
7.740259
7.511616
6.945848
6.705999
6.713152
6.946087
6.958485
7.050991
7.666826
6.851673
10.456324
6.176472
5.987167
5.973339
6.150961
6.754875
6.221771
6.096840
6.611109
6.035805
6.124496
6.884098
7.157564
6.154299
6.246567
7.897139
7.097721
6.976366
7.860184
7.005692
6.543875
7.231951
6.883383
6.166458
8.723974
7.988214
7.097244
7.777691
7.730961
6.055355
7.818460
7.722139
6.952763
6.953239
6.967306
7.627487
7.885218
6.699562
6.038189
5.915880
5.911589
6.881475
6.750822
6.909132
6.024837
5.935431
6.982088
6.884575
7.077456
6.967306
6.394625
6.936789
6.928921
5.946636
5.870819
6.839275
6.251097
6.985426
7.004976
7.311821
6.880760
6.037712
6.155729
6.702423
6.379366
8.180618
7.882357
11.679649
7.246494
6.742001
6.777048
5.889893
6.113291
6.209135
8.124352
7.236958
6.090164
5.872250
6.950378
8.194208
7.331371
7.237434
6.161213
6.755590
6.135225
5.968332
7.128477
8.106709
7.992744
7.296085
7.281065
7.401705
6.242037
5.969763
6.781816
6.553650
6.372452
6.640196
6.336689
6.438017
6.744146
5.901098
7.011414
7.240772
7.144213
6.994486
7.721663
7.749557
7.049799
7.023096
6.992102
7.785082
7.641077
7.764101
8.009434
7.949114
7.454395
7.982492
7.774353
7.128716
8.279324
7.948875
7.060766
6.186962
7.847071
7.273197
7.020712
6.983042
6.983757
7.936716
6.963491
6.972075
7.612944
7.045269
7.173777
7.623434
11.528730
6.895065
6.605625
6.872177
5.947828
6.849289
6.779432
6.677151
7.715464
8.275032
6.967783
6.938219
7.932901
7.032871
13.807774
6.677628
7.721901
7.801771
5.851746
7.591486
7.043362
7.716894
7.066250
6.960154
8.184195
7.234097
7.101059
7.826090
11.634588
6.764174
6.536245
6.888390
6.935120
6.047726
6.821394
6.176949
5.916357
6.200314
6.048679
6.085396
6.847858
6.045341
6.925344
6.128550
5.949020
6.036758
6.020308
6.008625
6.960630
6.094217
6.896734
6.531954
6.186724
6.774426
5.525589
6.315708
6.914854
5.976200
6.736040
5.913496
5.923748
6.166935
6.929636
6.808281
6.837368
6.015539
6.223202
6.705761
6.119967
6.692171
6.054401
6.125689
6.724834
6.021500
5.939007
6.722450
7.105112
7.064819
6.982565
8.092165
7.069588
7.571220
7.372856
7.774115
7.174492
7.875443
7.075310
6.988049
8.427858
11.199951
5.862474
6.705523
6.149769
5.874157
6.047487
6.792307
6.758213
6.673098
6.004572
5.953789
6.776810
5.926847
6.877899
6.712914
6.109476
6.049871
6.046772
6.214619
6.672144
6.811142
6.924629
6.932259
6.752729
6.829262
6.074905
6.782055
6.034613
6.860971
6.969929
6.927252
6.069422
6.720066
5.636215
6.158113
6.093264
6.617785
6.270409
6.134510
6.004095
6.859064
6.191492
6.871462
7.527590
6.774426
6.602526
6.104946
6.349802
5.947828
6.366014
6.758928
6.018400
6.837130
5.997181
6.790400
6.147146
6.111860
6.439447
6.760359
6.867886
6.712914
6.130695
6.898165
6.034374
6.373167
5.970478
6.833076
6.804943
6.236076
6.023407
6.955385
7.010221
6.265402
5.995750
7.466316
7.031441
6.153107
6.061077
7.011652
5.840063
6.751776
6.127357
11.546373
6.362200
6.934404
7.527351
7.929802
7.301331
7.045031
6.855488
6.369591
8.341312
8.239269
8.833408
8.721590
8.124113
7.018089
8.243799
8.347034
7.589340
7.039785
7.759809
6.921768
8.254051
7.552624
7.964134
6.907463
7.356644
7.752180
7.242680
7.697344
6.008148
6.997824
6.919384
6.563902
6.077051
5.436182
6.532192
11.306286
6.280422
6.206274
6.850958
7.433891
6.416559
7.057190
8.111715
6.635427
7.340670
6.102562
7.684708
8.488178
7.895947
9.179115
7.318735
6.441116
7.169008
7.416487
8.122921
7.611275
6.291628
8.128643
8.341789
10.267019
8.618116
9.981155
6.916523
6.648779
8.544445
8.070469
6.852865
9.048223
7.855177
7.518768
6.884336
7.846355
6.829977
7.503510
9.325981
7.810116
8.537292
6.306887
6.105900
7.529259
6.265640
7.076740
6.711960
7.638454
5.994320
7.359982
8.457422
7.441759
6.775618
6.604195
6.873369
6.659985
8.569956
8.044958
6.969213
6.409407
5.577326
7.066965
7.948160
8.180380
7.679462
6.864071
6.970406
6.204605
6.046057
6.876230
6.593704
6.817818
5.988121
5.572557
6.792784
6.727695
6.028891
6.679296
6.023645
5.374908
6.289005
6.814480
6.129265
6.874800
6.313324
8.453131
6.072521
6.657839
6.695747
6.079912
6.734133
6.216526
6.830931
6.938934
6.605148
6.781101
6.037712
6.223202
6.066322
6.013393
6.289005
6.183863
6.152391
6.173134
6.700754
5.893946
5.743265
6.179094
6.093264
7.175446
5.677462
6.744623
6.872654
5.847931
6.088972
6.010532
6.787300
6.594419
7.141113
7.672071
6.813049
6.764412
6.782293
6.217241
6.698608
6.704807
6.559610
6.980658
6.332397
6.649256
7.066488
6.016970
6.690979
6.919384
6.004572
6.734848
6.077290
6.286144
6.150484
6.828785
6.609917
6.152391
6.541014
6.735563
6.771326
6.769896
6.097317
6.398201
6.072998
6.770611
7.125378
6.893158
6.209850
6.394625
5.913973
5.970955
6.394863
6.852627
6.979227
6.074429
6.043434
6.595135
6.282568
5.956411
5.983591
7.189035
6.880522
6.314993
6.101847
6.728172
6.613731
6.581545
6.023169
6.005764
6.042957
6.143570
5.984783
5.355120
6.229877
6.716490
6.906509
6.137609
5.961180
6.243467
6.373405
6.623745
6.991625
6.080627
6.099463
6.704092
5.865335
6.819248
6.771326
7.116795
6.528139
6.534576
6.419897
6.824017
6.253481
6.854296
7.047653
6.848812
6.963968
5.827665
6.683826
6.799698
6.067991
5.087614
5.902767
6.653786
6.067514
6.105900
5.912066
6.195068
6.819725
6.610870
6.736994
6.098270
5.899191
7.050753
6.026268
6.713390
6.132603
6.727457
6.000757
6.756783
6.763935
6.797075
6.062984
6.869316
6.093502
6.676197
5.759954
5.567551
6.785393
6.778240
6.839752
7.380247
7.077694
6.718636
7.226944
6.173611
6.714582
6.816626
7.062674
6.740332
6.719828
6.792545
5.894661
6.139040
6.269217
6.710768
6.794214
6.799459
6.176710
5.957127
5.990982
6.847382
5.928755
6.665945
5.280018
7.139921
6.698370
6.031513
6.826401
6.631613
6.088257
6.769180
6.949663
6.757736
6.977558
7.034063
6.850243
6.664753
6.712198
6.111383
7.038116
6.095886
5.363703
7.044554
5.997658
5.940199
6.057978
6.857395
6.213665
7.203102
7.884979
8.077383
6.951809
8.226156
7.346630
6.957054
7.730246
11.443377
6.831884
5.960941
6.799698
5.750418
6.769419
6.794453
6.353140
6.676435
6.748915
5.792379
7.842302
6.863594
6.177664
6.866217
6.572723
7.214785
6.040096
6.811619
6.944418
6.694794
6.931305
6.883144
6.115675
6.853580
6.048203
6.151199
6.829739
5.918264
5.959511
5.969048
5.967140
6.808758
6.748676
5.960703
6.926298
6.765842
6.860495
6.110907
6.123543
7.110357
6.888390
6.875515
5.556107
6.083488
6.982327
6.818771
6.031036
7.064104
6.796837
6.351709
6.126165
6.864548
6.799459
6.794930
6.146908
6.712914
5.905628
6.122351
6.755352
7.627964
6.045818
5.733728
5.961180
6.298780
6.112814
6.320715
6.332874
6.706238
6.923199
6.125927
6.172657
6.086349
6.062031
5.934238
6.175995
6.105185
6.146669
6.846428
6.178379
6.843805
12.270451
6.331921
5.890369
5.978107
6.072044
5.860567
6.088734
5.741119
6.848574
6.768227
7.068396
10.428667
6.403208
6.731272
6.820917
6.130934
7.185698
6.050110
6.919384
6.445169
7.318974
6.684780
6.377459
6.432056
7.464886
6.209373
6.090164
6.622553
5.777836
5.915165
6.076097
6.146193
6.972075
6.801128
5.878925
6.324291
7.117510
6.086111
6.591797
6.572247
6.567955
6.847620
6.000996
6.046534
6.050825
6.136179
6.211519
5.996227
6.146908
6.733656
6.975174
5.920172
7.174015
7.728577
6.257296
6.387711
6.467104
8.751154
7.399082
6.933212
7.033825
7.585764
7.925987
7.013798
6.909847
7.124186
6.769180
7.524490
7.565737
6.948709
6.833792
8.476019
7.619143
7.790804
6.905794
7.345438
7.526398
6.967545
6.776094
5.673885
7.227182
7.515907
7.477522
7.804394
5.985975
7.424831
7.673264
6.753206
6.338120
7.570505
6.252766
7.018805
7.534742
6.640673
7.475615
7.365465
6.649733
7.485390
7.761002
6.827116
8.264542
6.773233
6.815672
8.113384
6.773233
8.232832
6.811142
8.283615
6.718636
8.273363
6.802082
8.236885
7.559776
6.169319
6.578207
6.935835
6.914854
6.790400
7.942200
6.980419
6.956100
6.576300
7.149696
6.736517
6.658316
6.811619
7.966757
7.603645
5.815029
7.046938
7.057190
7.438183
6.879568
7.789612
7.783890
10.024786
7.745981
7.460833
8.254290
7.272959
7.552862
6.732464
6.709337
7.468700
6.844759
6.284952
7.724762
5.809069
6.661654
8.287430
7.359982
6.722927
7.644176
7.905006
7.530689
6.959438
7.534504
6.913185
7.912397
7.587194
7.321358
7.739305
7.707357
6.806135
8.014917
5.820036
7.211447
7.849455
6.901026
5.615950
7.736206
8.069992
7.447243
5.788326
6.151915
6.075144
6.209612
6.814003
5.866051
6.115198
6.895781
6.030083
6.780863
6.188631
6.304264
6.503344
6.217003
6.423235
5.804062
6.197453
7.238865
6.966829
6.627798
7.114887
5.993605
6.450176
6.997585
6.742001
6.758928
5.992651
6.774902
5.835056
5.466700
6.246567
6.945610
7.025003
6.053209
7.128954
6.959200
6.042957
5.829811
6.881475
6.132364
6.080151
6.793737
6.683588
6.003618
6.842136
6.029129
7.121563
6.579876
6.044865
6.729841
5.787611
5.941629
5.912304
6.827593
6.030083
6.699562
6.650209
6.731033
5.370855
6.159067
6.019592
6.934643
6.112576
6.193638
5.351067
7.437468
6.113529
7.071018
6.114244
6.773710
5.980968
6.709814
6.802559
5.425215
6.448030
6.166220
5.857944
6.506681
6.716013
6.877184
6.222963
6.110907
6.035566
5.455732
7.040262
6.835222
6.779909
7.026672
6.043434
6.633282
5.997658
7.006884
5.973816
6.113052
5.974293
6.043673
6.084681
6.189346
6.009817
6.135225
5.937338
6.729841
6.463528
5.962849
5.801201
5.993843
6.034136
6.676912
5.915642
5.947351
6.409407
6.195784
6.083250
5.897760
5.766153
6.161213
6.041288
6.937265
6.206751
6.168127
5.964518
6.681919
6.650925
6.645679
6.830454
6.800413
6.108999
7.074594
6.839275
6.637812
7.158041
5.691528
5.939245
5.977869
6.140709
5.931377
6.882429
5.998850
6.057739
6.740570
6.843567
6.056309
6.658316
5.774260
5.949974
6.596804
6.161690
6.679296
6.103516
7.333040
6.078720
6.816626
6.898403
5.990744
6.934643
6.093502
7.013083
6.310701
6.998539
6.230116
6.123781
6.765366
6.828785
6.700039
6.054878
6.798029
6.673336
5.964518
6.886244
6.808996
6.523371
6.827831
6.902695
5.938053
6.997347
6.117821
6.897688
5.953789
6.759405
6.190777
6.425858
7.227421
6.505966
5.192280
6.988049
5.920410
6.064415
7.472038
6.882668
5.946159
5.888700
5.820513
5.361557
6.783485
6.838322
6.779432
6.791353
6.974697
7.116318
7.778883
6.327152
6.859303
6.212473
6.641865
6.772041
5.627394
5.753994
6.884813
6.097555
7.001877
6.720304
6.783247
6.063938
5.939007
5.739450
6.915569
6.860495
7.038832
6.793976
6.979942
6.824493
6.987810
6.954670
5.532742
6.196022
6.722689
6.777048
6.058693
6.011963
6.176472
6.945372
6.925583
6.849527
6.332397
6.112337
6.944180
6.062269
6.119013
6.815910
6.971121
6.013393
6.882191
6.214380
5.390167
6.834984
6.170988
6.996632
6.033897
6.869793
6.686687
6.172895
6.716490
6.026506
5.872011
5.972385
6.674051
6.057978
7.064819
5.954742
5.877018
6.695747
6.736994
6.049395
6.783485
6.106853
6.093979
6.738186
6.813288
5.857944
6.847143
6.130219
6.039381
6.394386
6.033421
6.695509
6.696463
5.467415
6.881475
6.911516
6.048918
6.137848
6.160021
6.873846
6.252766
6.801605
7.014751
5.991459
6.032705
6.442785
6.117344
6.757736
5.411148
6.937981
6.813288
6.778240
6.125689
6.726980
6.377935
5.233765
6.036997
5.897999
6.738424
5.983353
6.246805
5.474567
7.034063
6.867409
6.775379
6.717920
6.824255
5.963087
6.910324
6.869555
6.226540
6.109953
6.877661
5.962610
6.552219
6.144524
6.876469
6.083727
6.768227
6.203175
6.050348
6.164551
6.925106
6.743431
6.135702
6.052256
6.800890
5.976200
8.514166
7.435560
8.087397
8.673906
5.396366
7.690668
7.353306
8.523941
7.026196
8.466721
6.875515
6.808043
6.374836
6.236553
7.004738
5.872250
7.233143
6.253958
7.067680
7.280350
6.214857
5.994320
6.203175
7.270098
6.031752
6.765604
6.758928
7.405043
5.930662
6.358624
6.967545
6.209612
6.866932
6.880522
6.791353
6.030560
7.122278
6.256580
6.756306
7.179499
8.352041
8.001566
7.103205
6.599188
6.482363
8.747578
10.455370
8.152723
7.733822
9.723663
7.329464
8.342505
8.128405
8.257866
7.785559
6.323576
8.645535
7.830620
8.690596
7.773399
8.933306
7.602453
8.877039
9.310484
9.882927
7.507324
8.160830
8.022547
7.993937
8.865595
7.256269
8.119583
8.398771
9.064436
8.838177
7.009029
7.081985
6.615400
8.079529
10.509253
7.458448
6.801844
6.760597
8.746147
7.017136
6.547213
6.412745
5.972147
10.833025
7.651329
6.080151
8.254528
5.918264
6.643295
7.164717
7.245302
6.747246
5.959034
6.037474
5.907059
6.829262
5.715609
6.582737
7.131100
7.253408
11.313200
6.193161
6.096840
7.016659
6.918907
6.420374
7.469654
7.236719
7.482767
6.389141
5.513668
6.537914
7.200718
6.680727
6.267548
6.826401
6.043196
6.805658
6.158113
6.684780
6.490469
6.657124
6.658554
6.855011
6.918669
6.993294
6.698608
6.094933
7.022858
5.893230
6.819487
7.421494
7.830381
7.119417
8.032560
7.073641
6.479263
7.420301
7.910967
6.860733
6.120920
6.929636
6.250381
6.882668
5.957127
5.841494
5.967379
5.989790
6.190777
6.947994
5.885363
6.073475
6.888628
6.231785
7.055998
6.010294
5.342722
7.081032
5.971670
5.923986
5.878925
6.921291
6.945610
7.008314
5.988121
6.080389
6.060123
6.708860
7.326603
6.750107
6.193638
7.262945
6.858349
6.824493
5.922794
6.063461
6.782770
5.943537
6.790161
6.955385
6.830215
6.114244
5.404711
6.219387
6.854773
6.484270
7.593393
6.223679
7.578611
6.865740
7.233143
7.002354
6.707907
6.033182
5.885124
6.561756
6.014347
5.955458
5.913734
6.760120
6.866693
6.683350
6.021976
6.962061
6.301165
6.049633
6.218672
6.609440
6.094933
6.155252
6.567240
6.809235
6.014824
5.664587
6.111145
6.329775
7.069111
6.069183
6.772280
6.066799
6.770611
6.101847
6.068945
5.728245
7.099152
7.140398
7.075071
7.273436
7.162094
7.308960
8.035660
7.111549
7.959366
7.710695
7.662058
7.844687
6.151199
7.250786
7.896662
8.002043
7.075310
7.186651
7.170677
7.755756
7.762194
7.926226
7.743120
7.253647
7.925510
7.843971
7.448912
7.992268
11.407852
6.144047
6.026030
6.190777
6.511688
6.894350
6.058931
6.811142
6.707430
6.778002
6.877899
6.019831
6.139517
6.003618
6.025791
6.258965
6.920576
6.830215
6.533623
6.696939
5.903482
6.088257
5.721569
6.885767
6.709814
6.013632
5.744457
6.316900
6.044865
11.340141
6.944418
7.150173
6.907701
5.998135
6.770372
7.025957
5.954504
6.074667
6.118774
6.065607
6.403685
6.818771
6.117105
7.176638
6.135702
6.177902
6.738901
5.771637
6.713867
5.865812
6.037712
6.689548
5.996704
6.218672
6.708860
6.482601
6.378651
6.404400
7.082939
6.134272
5.994320
6.745815
6.192923
6.016016
5.633354
5.324125
6.790400
8.065701
6.223202
8.027077
7.125854
7.917166
6.702185
7.604837
7.036924
7.045269
7.200956
8.550406
7.033587
6.673813
5.904913
6.955385
7.905245
7.002592
7.048368
6.765842
6.866217
7.008791
7.127285
7.203341
7.183790
5.615234
7.100105
11.382341
6.992340
6.821394
6.527901
5.939484
5.719900
7.750273
6.361008
6.092787
5.712509
5.644083
5.907059
6.596804
6.893396
6.766558
6.074905
6.880283
6.764889
6.344795
6.046057
5.901814
7.218838
6.851196
6.799459
6.860018
6.066799
6.717682
5.708694
5.908489
6.043196
6.160021
4.930019
6.956816
5.885124
6.125450
7.364035
7.176876
6.873131
7.123232
7.803917
7.756710
7.074118
7.108450
7.673025
6.666660
6.676912
7.415056
7.600069
5.649090
7.860661
7.000685
7.961273
7.721663
7.785797
7.963181
7.309437
9.644032
7.082701
6.100178
6.328344
6.222963
6.559134
6.012440
6.120205
6.759405
6.051540
6.762266
6.748676
5.989075
6.795645
6.831408
6.393194
6.944895
6.182432
6.953001
6.138325
6.203890
6.065845
6.546259
6.011724
6.755829
6.893396
6.045341
6.875753
6.012917
6.172180
6.853580
6.761074
6.210089
7.158995
6.154537
6.852388
6.018162
6.046772
6.028175
6.901264
6.913900
5.983114
6.228924
6.772041
7.058620
6.875277
6.153345
6.875515
6.284714
6.911993
6.083488
6.670237
6.143093
6.922722
6.516457
6.351948
6.712437
6.845951
6.040812
6.666183
6.147146
6.097555
6.220818
6.748676
6.237268
5.899668
6.694555
6.425619
7.133484
6.735802
6.948948
6.655693
7.021666
6.050348
5.959511
6.064177
7.082224
7.121801
6.071091
6.783009
6.356001
6.929398
6.902218
7.040977
6.114244
5.958319
6.718159
6.632805
6.996155
6.832600
6.786346
6.949425
6.152630
6.781340
5.934000
6.624937
6.715059
5.943775
6.153107
6.225109
6.090164
6.911516
6.738424
6.882429
6.138802
5.601406
6.299019
5.649328
5.846262
6.586313
6.744862
6.091833
6.114244
6.791353
5.984783
6.162167
5.979538
6.922483
5.952597
5.927086
6.710768
6.080866
6.067038
6.519079
6.009102
6.088972
6.174564
6.828070
6.675959
6.914139
6.823301
6.275177
6.711483
5.997896
6.098509
6.095171
6.710529
6.096363
6.022692
6.958961
6.104946
6.780386
6.037712
6.097317
6.871223
6.787300
6.738424
6.813765
6.901026
6.145477
6.367922
6.711483
6.047487
5.890846
5.542994
6.025791
6.137609
5.326986
6.981134
6.139517
6.676912
6.750107
6.053925
6.141901
6.116629
5.941629
6.784439
7.733107
7.198811
7.308722
6.953955
10.048866
5.736589
9.923935
6.417513
11.642218
6.191492
5.730391
5.958557
6.078720
7.451534
6.833792
5.967379
6.314278
5.729437
6.726980
6.110430
6.984711
6.196499
6.837845
6.671429
6.848574
7.107735
6.527185
5.989790
6.053686
6.700754
6.700277
5.923033
5.250454
6.121874
5.711794
5.654812
5.653143
5.341530
6.115437
5.848646
6.122351
6.013632
5.537271
6.636381
6.428003
5.963326
6.824255
6.712198
6.256104
6.707907
5.720854
5.987406
6.793261
6.118774
6.374836
7.105827
6.078005
6.052256
5.818844
6.399155
5.707502
5.736113
6.077528
5.881786
6.958485
6.664753
5.958796
7.509708
6.175041
7.977724
7.013559
6.775141
6.736755
6.819010
6.132841
5.378246
6.337643
6.656647
6.026268
6.640196
6.729364
6.668329
6.031275
5.979538
7.006168
6.218910
6.891966
6.785870
6.037712
6.121397
6.029606
6.125689
6.072760
5.872726
6.861210
5.989790
6.107807
6.679773
5.338669
6.941795
5.421162
6.239653
6.838799
6.676674
5.936384
5.978346
6.135464
6.788492
6.665707
6.015778
6.161213
6.819487
6.038904
6.613255
5.570650
7.038593
6.067514
6.038427
5.900383
6.996870
6.057739
6.896734
6.726980
6.874800
5.659819
6.225586
6.279707
6.078720
6.766319
6.800890
6.686449
6.067276
6.524801
6.687880
6.061792
7.076025
6.096601
5.785227
5.726337
6.681204
6.078482
6.764174
6.035566
6.723642
5.762339
7.081032
7.267714
7.182598
7.118702
7.752657
7.161617
7.141590
7.930040
7.768869
7.222414
6.413460
8.257151
7.148504
8.172750
7.063150
5.717754
6.180286
7.888079
7.262707
7.662058
7.093430
8.329153
7.177830
8.252859
8.196592
6.970882
8.195639
7.111788
5.677938
8.664131
7.009745
7.690668
7.909775
7.998228
7.857084
8.529663
11.497498
6.981850
5.928516
6.141186
6.697178
5.430222
6.869555
7.103682
5.969763
7.054567
6.228924
7.131577
7.123947
6.729126
6.168127
6.619215
6.397963
7.248402
6.043911
7.105350
7.153034
7.353544
7.072926
6.435156
6.047249
6.708145
6.109476
6.326914
6.049633
6.778002
7.020950
6.280899
6.752968
6.574154
6.735325
7.115841
6.084204
6.719589
6.980896
6.564617
6.332159
7.106304
6.187201
7.386446
6.256580
6.177902
7.609606
5.971432
7.207632
7.121325
7.479668
6.258011
6.940842
6.197214
7.593632
6.970882
6.264210
6.756544
6.491184
6.720066
7.180214
6.464481
6.758213
6.778240
7.029295
6.637812
7.156134
6.868124
6.341457
6.791353
6.440639
6.235600
5.947828
6.302834
5.857944
6.397963
7.065058
6.994724
6.774187
7.137537
6.964445
7.377863
7.744074
7.995129
7.993698
6.330490
7.744789
7.308960
7.271051
7.229090
8.278370
7.165194
7.583380
7.960796
6.862402
7.059097
6.994486
11.271954
6.852627
6.923437
6.008625
6.646156
5.618095
5.918026
6.745815
6.172895
6.813526
6.663799
5.948544
6.922245
5.992651
6.011248
6.345987
5.675316
6.401300
6.145716
6.028414
6.073713
6.837368
6.152153
5.950451
5.368233
6.213665
5.287170
6.356001
6.317616
6.999254
10.029316
7.041931
5.462170
6.039858
6.791115
6.115675
6.803274
6.755590
6.617546
7.063866
6.047964
6.996632
6.776333
6.717443
6.489515
6.732941
6.725073
6.794691
6.297827
6.108522
6.072998
8.690596
6.123781
6.548166
5.951405
5.969286
6.900311
7.333279
7.441998
7.336378
7.508755
7.228136
6.345749
7.306814
7.157803
12.292147
7.494211
6.807804
7.185459
6.997347
6.973743
5.936384
7.328033
6.748676
6.035566
6.710291
6.260157
6.048918
6.880045
5.929470
5.934954
6.687641
6.984234
6.942511
7.200956
7.361174
5.961418
6.040812
6.798983
6.032228
7.114410
6.712198
6.068468
6.778955
7.043600
7.020235
7.948637
8.397579
8.256435
8.112907
7.556438
8.539200
8.524895
7.732868
9.200811
9.356499
9.926319
8.447886
8.396387
5.532026
8.966684
8.287907
7.568121
7.032871
7.097483
9.217024
8.332729
7.341385
7.243872
7.921219
7.734060
8.278131
6.929636
8.407593
8.490086
6.956100
8.373737
7.071257
8.491039
7.827044
7.596016
6.239653
7.045031
8.376837
7.604599
6.295919
7.246494
6.615877
6.833553
6.732941
9.615183
7.185936
7.256031
7.700920
6.562710
6.939888
8.201599
6.948948
6.971598
7.598639
7.389307
5.935192
6.776571
6.223202
8.267403
7.394314
6.581306
6.297112
6.095171
6.770372
6.696224
6.257534
6.999254
6.000519
6.421804
5.998611
7.269621
6.960630
6.060839
6.528378
6.759405
5.952120
6.909609
6.883383
6.140471
6.054640
7.429361
7.010937
5.635023
7.259369
7.827997
6.372452
6.735086
6.672382
6.162882
6.841421
6.036758
6.766319
6.799936
6.515741
6.314039
6.817341
6.655931
7.151604
8.349657
8.767128
6.434679
5.947113
5.913258
5.935669
5.781412
11.490822
7.060289
6.218672
7.076263
6.062984
6.573200
11.416674
6.511211
6.018400
6.707191
7.043362
6.824493
6.892920
5.689144
5.944729
6.002188
5.996704
6.945372
6.965876
6.675720
5.751848
5.939960
6.492376
6.708622
6.926298
6.808281
6.150723
5.693197
5.647421
5.600214
6.237507
6.310463
6.824017
6.008387
5.713940
5.991697
6.488800
6.057978
11.811256
6.332636
5.667686
6.371737
5.984545
6.827116
7.374048
6.100893
6.375790
5.636692
6.038904
6.858587
5.974531
5.998373
6.121635
7.097006
6.893873
6.174803
6.525517
6.731033
5.894899
6.921530
6.810904
6.965637
5.890846
6.850958
6.644726
5.856752
6.625652
5.923748
6.810904
6.069422
6.008148
6.256819
5.896091
5.640030
6.364584
6.325722
5.976200
6.074429
6.178617
6.792068
6.724596
6.829262
6.711483
5.998850
5.383253
6.202698
6.179333
6.155968
6.972313
6.993055
6.935596
6.406784
5.983591
6.909370
6.683111
6.108999
6.981850
6.894827
6.313086
6.261826
6.983280
6.165743
7.290840
6.179333
6.076574
6.423235
6.942749
6.209135
6.124973
5.950689
6.914616
6.071806
7.052660
7.022381
6.106853
11.385441
7.106304
6.782532
5.775213
6.034374
6.137133
6.182909
6.071568
9.921551
6.909609
6.872654
6.124258
7.074356
7.023573
6.712198
6.828070
5.525351
6.922007
6.794691
6.800890
6.150723
6.145716
6.126404
6.940126
11.400461
6.907940
6.672144
5.980968
6.273508
6.812334
6.263494
6.142616
6.811857
5.411625
6.352901
5.925655
6.128311
6.028175
5.938292
6.736040
5.964279
6.990433
6.076813
7.000685
7.070541
7.086039
6.590843
6.632566
6.922960
6.086826
5.550623
6.806612
6.775618
6.129265
6.020546
6.976843
6.914616
5.982399
6.080151
6.401300
7.090807
5.912542
6.685257
6.222725
6.834745
5.995512
6.791353
6.592035
7.043123
6.973267
6.824255
6.215334
6.922245
6.675482
6.302595
6.118536
6.405115
7.017612
6.440401
6.093025
7.506609
7.962465
7.780790
7.725477
7.786274
7.888079
7.836103
7.851601
7.864952
7.960320
7.864237
7.163763
7.822275
8.175135
7.151127
7.278442
8.117437
7.950068
7.249832
7.149458
7.909536
7.989407
8.032084
7.867575
7.167101
7.896185
7.921457
7.107258
7.257700
7.791996
7.763863
6.266356
7.823467
8.204460
7.305145
8.014679
7.103682
7.847548
7.082462
7.117510
7.124662
6.931543
7.113218
7.872820
6.973505
7.154703
7.879734
8.035183
7.859707
7.014036
7.055283
7.767677
7.074833
7.951736
5.548716
7.287264
7.879734
7.001638
7.177114
7.291794
7.133007
7.905960
5.747557
6.654263
6.906986
6.104946
5.943775
6.132126
6.650209
6.376982
5.956411
6.158829
6.301641
6.885052
6.684780
7.086992
6.300926
6.840467
6.807327
6.146431
7.380486
7.128239
9.747505
6.858110
5.951166
6.422997
6.710052
5.928040
6.015062
6.016493
6.811619
6.849527
6.458044
6.511211
7.050514
6.042242
6.107330
6.003618
6.225348
6.741285
6.067514
6.331921
6.017685
6.697893
6.098270
6.189108
6.459951
6.054163
6.750107
6.618261
6.426334
6.793737
6.108761
5.953312
5.994797
6.831408
6.092548
6.758690
5.752087
6.317616
5.756378
5.656958
6.590843
6.211519
6.056786
5.989790
6.755114
6.333113
6.380081
6.493330
6.413460
6.196737
5.944014
6.135702
6.008625
5.679607
5.993605
6.194592
6.202698
6.985903
6.799936
7.071733
7.087469
6.716251
6.639004
6.679296
6.137848
6.920338
6.927252
5.979300
6.266356
6.153584
7.355452
7.166147
7.064819
6.171942
6.068230
6.833076
7.131338
6.027222
7.077456
6.126881
6.139994
6.685734
6.261826
9.439468
6.368160
6.146193
6.083965
7.171631
6.006718
6.001234
6.894112
6.922245
5.409479
6.352186
6.837845
6.172180
6.762266
6.663561
6.708860
5.930185
6.748199
6.866693
6.080627
6.645441
5.905390
6.642580
6.990671
7.011414
6.061316
6.243706
6.181717
6.108999
5.934238
6.075382
6.856203
6.869316
6.873608
5.880594
6.064892
6.082296
6.687641
6.014109
6.567955
6.468534
6.655216
6.675005
6.810904
6.738424
6.959200
6.794214
5.731344
5.760670
5.864382
6.036282
6.156683
5.837440
6.088257
7.086992
6.019592
6.063700
6.746054
5.948544
5.898714
6.698370
6.868124
6.828308
7.282019
6.734848
6.040812
6.008625
6.905794
6.006479
6.165266
7.051468
6.959915
7.357359
7.167339
6.840467
7.250309
8.096218
7.179737
6.072283
7.062435
5.832911
6.798029
6.229877
5.961180
6.534576
6.962776
6.100178
6.133795
6.121397
5.943298
6.899595
6.720543
5.489111
6.231785
6.920576
6.636858
6.906986
6.367683
6.088734
5.988121
6.898403
6.704330
6.158113
6.847858
6.729841
10.453224
6.153107
6.030083
6.100893
6.057501
5.998850
6.950140
6.827831
6.837845
6.958723
6.409407
6.947517
6.866455
6.722927
6.574869
6.697416
6.172419
6.815910
6.108999
9.875774
7.303953
6.959200
6.103754
6.164551
6.070137
6.713390
5.949259
6.054878
6.129265
6.210089
6.248713
6.818533
6.166220
6.837606
6.214142
6.304502
7.110834
6.352663
6.124258
7.108688
6.956816
7.272243
6.230354
6.419897
6.887197
10.067701
7.143736
7.247448
6.231070
6.154060
6.136894
7.249832
7.000685
7.889509
5.922556
8.126974
7.462978
7.677078
5.897760
5.709648
6.604671
5.775452
6.143570
6.697178
6.798267
6.742239
5.854845
6.038427
5.783081
6.825447
6.719589
6.762981
6.239176
6.025791
5.349874
6.952524
6.675720
5.994081
6.760359
6.015301
6.661892
6.796598
6.722450
6.959200
7.030487
7.457018
7.560730
7.754564
7.174253
7.779598
7.904291
7.066488
7.728100
7.777214
6.734610
7.397890
7.467270
7.605314
5.686998
8.200407
7.245302
7.282495
7.947683
6.808519
6.680012
5.921364
6.464243
6.363153
5.900383
6.102085
6.167650
5.496502
7.397652
6.954432
6.471157
6.532431
5.473137
7.322311
6.690979
5.984068
7.379055
6.999016
11.560440
6.161213
6.104708
6.018877
6.875992
6.053448
6.075144
6.224632
6.844997
6.760836
5.693436
5.872965
6.012678
6.739616
6.184101
6.955624
6.870270
6.169796
6.265640
6.689072
7.781982
7.131100
11.409760
5.954504
7.109165
5.894661
6.459475
5.654573
6.276369
6.090641
6.222010
6.947279
6.013393
6.532431
6.501436
6.389380
6.417274
6.684303
6.815434
6.098509
6.065607
6.046772
6.057024
6.995916
6.876945
6.859541
6.845713
5.928755
6.770372
6.579876
6.578207
6.223202
6.048441
5.914450
6.092787
6.050348
6.185532
6.013870
6.213427
6.676435
6.132603
6.531000
5.989790
5.936384
5.470991
6.907940
6.307602
6.121159
6.774664
6.896496
7.360697
6.081581
6.705523
5.673170
5.806208
6.395817
6.050587
7.003069
6.006002
6.021738
6.982565
6.098986
6.947756
6.094933
6.115913
6.896496
5.944252
6.679058
6.434441
5.787134
7.154226
6.067276
6.806850
6.280422
6.060362
5.985498
6.589890
5.995750
6.670713
6.635904
5.971193
6.119490
6.030560
6.117344
7.151127
6.972790
6.810188
6.723166
6.160259
6.641150
6.024361
6.839752
6.094933
5.955696
5.549192
6.066799
6.099939
6.037712
6.852865
6.205797
6.023169
7.237911
6.253004
6.168365
5.347490
6.214857
6.089449
6.846428
6.146431
7.063150
6.278276
6.898165
6.127357
5.737782
5.944490
5.949497
7.027388
6.022453
6.667137
6.071091
5.260706
6.750345
5.872726
5.935669
6.873369
6.805897
6.065130
6.699562
6.748199
6.820917
6.178617
5.970955
6.166220
6.840467
6.001472
5.978823
5.937576
5.990267
6.786108
6.113768
5.983353
6.353855
6.893158
6.827116
6.383896
6.479502
6.356955
5.763531
6.819487
6.831884
6.838083
6.095409
6.009340
6.666899
6.774426
6.012678
6.013155
7.090092
8.079529
8.709669
8.720636
7.855177
6.736994
8.459091
7.590055
8.219719
7.389545
7.681608
6.906271
7.346392
7.247210
6.701231
6.265402
6.397724
6.817102
6.278038
7.312059
7.664204
7.160425
8.399010
6.215811
6.033421
6.824970
6.105900
7.004499
6.056786
6.862402
6.089449
6.856918
6.483078
6.087780
6.101847
6.863594
6.833076
6.999493
6.697893
6.097317
6.494761
9.773016
7.778406
7.379532
7.956982
7.443190
6.844997
8.713722
8.492470
8.141756
6.050348
6.700993
7.192612
9.335756
7.917643
8.451223
7.024765
6.974220
8.257866
7.689953
7.297516
8.885145
7.961035
8.468151
7.802486
6.479025
7.413149
8.477449
7.452011
7.114172
9.612799
8.931875
8.444548
7.445812
8.373499
7.305145
8.283377
7.139444
6.587029
6.130934
6.066561
6.114244
8.722782
7.888556
6.866217
6.833553
6.492615
7.124662
7.663965
6.615639
6.470442
7.738352
7.595778
6.342411
6.771564
6.681442
7.526398
7.367611
6.834030
6.900072
6.244183
6.812572
6.008863
5.752802
6.250143
6.155729
5.526543
5.925417
7.031441
6.694794
6.092787
5.947113
6.840467
6.621361
7.631540
5.984068
6.781578
6.050110
6.863117
6.014347
6.771088
6.001472
6.691933
5.971909
6.729841
6.137371
6.088257
6.707907
6.975174
6.225586
5.918026
6.830454
6.261587
6.044149
6.228447
6.976843
6.064415
6.000042
6.100178
5.510330
6.087542
5.996227
5.994320
6.046295
6.219864
5.922556
6.236792
5.989552
7.020235
6.779432
6.183386
6.132364
7.028341
6.626368
6.112337
6.033182
6.261110
6.689310
5.969524
6.217480
6.853104
5.874395
6.428003
6.122351
6.073952
7.402420
5.665064
5.744219
6.408930
5.750895
5.806446
6.836176
6.661415
6.279707
6.126165
5.924463
6.003857
6.913424
6.158352
6.824732
6.855488
6.144524
7.098913
6.184340
6.154776
6.077766
6.693840
6.755829
6.026506
6.006241
6.907701
6.889582
6.971836
6.963730
6.030083
7.162809
6.236792
6.640196
6.698608
6.807566
6.767511
5.993128
5.425453
7.121086
6.187439
6.079435
6.740093
5.934477
5.727530
6.018639
7.186174
6.188154
6.313086
6.857634
6.953001
6.266594
6.881237
6.806850
5.999327
6.687164
6.862402
6.690502
6.867647
5.867004
7.086039
6.702185
7.030010
6.844997
6.886244
6.996155
6.297112
6.776810
5.978107
6.083012
7.003784
6.792545
6.759644
6.599903
6.294012
6.008148
6.830931
6.012440
6.140471
5.385637
6.770849
6.931543
6.033659
6.205559
6.707430
6.647348
7.047653
6.839037
6.569147
5.868435
6.786585
6.002426
6.099463
6.198883
6.762028
6.166220
6.886721
6.829739
6.747723
6.119728
6.986141
6.736040
6.066799
6.053686
6.879568
6.859064
6.297588
6.081820
6.214380
6.204844
6.828785
7.427216
7.756472
8.111715
9.887695
6.947994
6.739616
5.881548
6.723166
5.636454
6.354332
5.763292
6.700277
6.132841
6.796360
6.937981
6.093502
6.520748
5.734205
6.569862
6.108761
6.147146
6.745577
6.032705
6.747484
6.038427
6.755829
6.561995
6.315470
5.958557
7.031679
5.908728
6.563187
6.167650
5.957603
5.682945
7.043600
5.969524
6.791592
6.430149
6.246567
6.148338
6.281137
7.051229
6.664753
5.897760
6.207228
6.664038
7.223368
7.093906
7.353067
6.651878
5.829811
6.649971
6.086111
6.889105
6.267309
6.086111
7.383585
5.868435
6.081343
7.596493
7.195473
6.354809
6.974220
6.593227
6.280661
7.126093
6.126881
6.709814
7.117987
7.742643
7.267237
7.750511
7.226229
6.262541
7.092237
6.179571
6.011963
6.639004
6.607533
5.769014
6.790638
6.907940
7.112980
6.880999
7.094145
6.802320
6.890297
6.678581
7.165194
6.999493
6.023407
5.915403
6.662369
6.608963
6.850481
6.682158
6.080866
6.779909
6.865740
6.203890
7.221222
6.144524
6.872177
6.762743
6.158829
5.995274
5.975723
6.151199
5.391598
6.914854
6.198645
6.819010
5.956650
6.095648
6.188869
6.253481
6.044865
6.894827
6.695271
6.730795
6.760120
6.749392
6.639719
6.729364
5.477428
6.162882
5.983829
6.798267
6.084442
6.031513
5.510092
6.196737
6.770372
6.140471
6.104231
5.925894
6.934404
7.346630
6.780148
6.535053
6.813288
6.883383
6.767035
6.219625
5.996227
6.651640
6.735563
6.008863
6.810427
6.805182
6.735563
6.901979
6.973982
6.206512
6.945610
7.237196
6.917953
7.371426
6.253481
6.874800
6.144285
6.093740
6.221056
5.934238
6.195068
5.914450
6.667376
7.086515
6.764650
6.926775
6.380796
5.982161
6.813526
6.399870
6.033421
6.711006
6.985426
6.787300
6.104946
6.103277
5.977869
6.799221
6.953239
6.074905
5.355835
6.926060
6.216288
6.812096
6.624222
5.890846
6.620884
6.922007
6.629944
6.757498
6.001949
5.587816
6.040812
6.074429
6.111860
6.011486
6.891489
6.634712
6.031513
6.872177
6.815910
6.793976
6.905556
6.093740
6.975174
7.180214
5.969524
6.052256
6.916523
6.039381
6.806374
6.351948
6.831169
6.328583
7.145405
6.129503
5.970955
6.864071
6.906033
6.247997
6.306887
7.772923
7.050753
6.044626
6.719351
6.809235
6.757498
5.983591
6.252766
7.077932
6.581783
6.256104
7.000685
6.036997
6.352425
6.428719
6.196737
6.155968
6.095886
6.677389
6.820917
6.894112
7.003784
6.553650
6.772041
6.023407
6.844759
6.241083
6.705046
6.309748
7.056713
6.832600
6.416798
6.872892
6.793022
6.163359
6.966114
7.139921
6.101608
6.870508
5.670786
6.071568
5.803823
7.416248
6.052732
6.797314
6.664753
6.758928
6.417513
6.043673
5.700827
6.646395
6.038189
6.096125
6.291628
5.859137
6.096125
6.263256
7.023335
6.994009
6.032944
6.273508
5.670309
5.795002
6.769419
6.008387
6.761789
6.698608
6.805897
6.128550
6.358624
5.690813
6.686687
6.080866
6.307602
7.019758
7.038593
5.278349
5.648613
5.891800
6.821632
6.093025
6.033421
6.700039
6.184340
6.644964
7.521391
7.534027
7.646561
6.977320
7.733822
7.004261
7.902861
7.693291
7.734060
7.715702
7.468939
7.461548
6.826162
7.121086
6.019115
6.798267
5.990505
6.048203
6.351709
6.824017
6.088972
6.640911
5.755663
6.158113
6.951332
6.790161
5.898237
5.701065
6.774426
6.768227
6.009579
5.832672
6.587982
6.650686
6.804943
6.758928
6.607771
6.094217
6.914854
6.970644
6.839037
6.716728
6.557703
6.867170
5.937338
5.686283
6.789684
7.043600
6.001949
5.989313
6.645679
6.906986
6.621599
5.968571
6.162643
6.130219
6.197929
6.698608
6.833315
6.865025
6.000996
6.101131
6.814718
5.958557
7.130146
6.741285
6.637812
6.169558
6.863117
6.248713
5.989313
6.041288
6.530285
6.226301
6.357193
5.888939
5.308151
5.923510
6.641150
7.088900
6.947756
7.608414
6.934166
7.328749
7.030964
5.972147
6.978989
6.362200
6.126642
6.055355
6.186724
6.867170
6.842136
6.773710
6.857872
6.016254
5.959034
6.911039
5.962133
5.943537
5.980253
6.216764
6.602764
5.332708
7.233620
6.756306
5.957365
5.974054
6.835699
5.926132
6.790876
6.798744
6.075859
5.994320
6.887674
6.807804
6.759405
5.981445
6.598234
6.828070
5.862236
5.867243
6.704092
6.878138
6.101131
6.481171
6.470203
6.134987
6.779671
5.972385
6.079674
6.665707
6.024361
6.896734
6.086826
6.814718
6.880999
6.139994
6.014347
6.566048
6.160736
5.846977
5.965471
6.832838
6.658792
6.024837
5.935431
6.989479
6.909370
6.624937
6.111860
7.095337
6.302834
5.922079
6.666660
5.910397
6.796598
6.843328
6.738901
6.551027
5.909681
5.821705
6.050348
5.915403
6.933689
6.212711
6.178379
6.980181
6.021976
6.716013
5.985737
6.634951
6.845236
6.812096
6.073236
5.788326
6.830215
6.063700
6.781816
6.729841
6.993294
6.774902
7.428885
6.642580
6.169319
7.171869
6.967783
7.165432
7.030487
6.218195
6.103516
6.118059
5.958557
6.382942
6.105900
6.679773
7.160187
6.972313
5.952120
6.947994
5.854130
6.924868
7.144213
6.169319
6.904125
6.340265
6.243467
6.279945
5.878925
6.669283
5.769253
7.042885
5.983353
5.979300
6.967306
6.299973
5.657196
5.701780
5.993843
6.597996
6.016493
6.832361
5.994797
6.831169
6.578207
6.529808
5.413771
6.340265
5.967855
6.200552
6.703377
6.158590
6.509304
6.062746
5.986691
6.647825
6.689310
6.029129
6.940365
6.130219
6.828785
5.692005
9.945631
6.747961
5.949497
5.960464
6.758690
6.152153
6.918669
6.685019
5.752563
5.819321
5.723000
5.989075
6.738186
6.023169
6.701708
6.013393
6.104231
6.351233
6.210566
6.031036
6.949663
6.906986
6.866693
6.037951
6.895542
5.859613
5.927801
6.148577
6.146193
6.140471
5.963564
6.058693
6.748438
5.861759
6.334066
6.818533
6.074667
7.128477
6.026030
6.015539
6.635666
6.158113
6.908178
6.698608
6.482124
6.281137
6.720304
7.343769
6.807327
7.233381
6.693363
5.831718
6.026268
6.892443
6.919861
6.272078
6.454468
7.480145
6.701946
6.113529
6.867647
6.109953
6.787777
6.082058
6.970167
5.499840
6.161451
5.755424
6.779194
6.818295
6.005287
6.851673
6.811380
6.066322
6.920815
6.796360
6.224155
6.720543
6.381273
6.720781
6.739378
6.830931
7.280588
5.105734
7.435799
6.414175
6.718159
7.709265
6.569147
8.426189
5.981207
7.510662
6.992579
7.598400
7.084131
6.481171
6.231070
6.612778
6.515980
6.209850
7.312298
7.409573
6.233215
7.023335
6.062269
7.652760
6.005526
6.168127
7.215500
5.977631
5.800247
6.195545
6.227970
6.381512
6.033182
6.811857
6.490946
5.679607
7.704258
6.097078
5.492687
6.150484
5.813837
6.242990
7.763863
7.797718
8.399487
6.385088
6.647110
7.036686
6.322145
9.638309
7.053852
8.237123
10.427952
7.133484
7.713795
7.591486
6.980419
7.786989
6.743670
8.037090
8.608341
7.561445
8.453369
7.895708
7.975101
6.651402
7.330179
10.350466
9.015083
7.746458
8.535862
8.248806
7.404327
6.680965
7.987738
7.141352
7.122040
6.903887
7.880211
8.064985
6.652355
6.355047
7.673025
7.373333
7.010937
7.812262
7.586479
6.872892
8.172989
6.458759
7.302523
7.939339
8.313179
8.353472
6.831169
7.328987
6.706953
8.332491
7.851601
6.837845
7.391691
8.149147
6.303072
5.833864
6.552935
6.794453
6.763935
6.805658
6.042957
6.154537
6.211042
7.374763
6.201744
9.962320
7.091284
6.176710
6.720304
7.058382
6.102562
8.075714
6.413698
6.610632
7.451057
6.474257
6.856918
6.481886
5.704165
6.383657
7.343769
6.737709
5.997181
5.345106
7.101774
6.035805
6.279469
5.667686
5.697489
6.606579
6.212473
6.815672
6.727219
6.032705
5.656958
6.569147
6.758928
6.042242
7.396221
7.884502
6.813288
10.854244
5.324602
6.373405
6.636620
7.246971
6.703615
6.098509
6.908178
6.195068
7.014036
6.107330
6.388426
6.334543
6.876945
6.038189
6.076574
6.719828
5.541563
6.231546
6.188631
5.696535
5.623817
5.642176
6.472111
5.873919
6.051302
6.987333
5.996227
6.654739
5.958319
5.596638
6.275892
6.741524
7.227898
6.274939
7.710218
8.066893
6.948948
6.012201
6.128550
5.671978
5.847216
5.625248
7.046223
6.143332
6.859541
6.648540
5.235434
6.801844
6.148815
7.871866
7.199764
7.216692
7.107496
6.888628
7.880688
7.126570
7.064342
7.395506
7.847071
6.885529
6.937742
7.085562
7.163525
7.952690
7.865667
7.860899
6.994963
7.263422
7.795095
7.803440
7.625580
7.384300
7.821321
7.111311
7.061958
7.213593
7.870436
7.119656
9.807348
6.926298
6.090879
6.267548
6.995201
6.869555
6.014109
6.004572
6.012917
6.720066
6.139040
5.087614
6.846189
7.103443
6.836414
6.619692
6.692648
6.711960
6.891012
7.163048
6.801844
5.934238
6.655931
5.876541
6.115198
6.876945
6.880760
6.118536
6.082058
6.142616
6.593704
5.165815
6.819963
6.706715
6.805182
6.721020
7.035971
6.858587
5.945921
6.742001
6.737471
6.093979
5.121231
6.091118
6.997585
6.080627
6.570816
6.155014
6.076336
6.864548
5.996227
5.985022
5.611420
6.847620
6.214619
6.141663
6.749868
6.057024
6.835699
5.942583
7.035732
6.152868
6.790876
6.145000
6.789923
9.968281
6.887436
6.791592
6.999969
6.044388
7.165909
6.773472
7.568598
6.081343
5.239248
7.610321
7.086277
6.287813
6.302118
7.986546
8.016586
7.209301
7.180214
7.235050
7.648945
7.062435
11.016846
8.003235
8.383751
7.675886
7.187605
7.945299
7.850170
7.774115
7.689714
7.183552
7.799387
11.351109
7.152557
7.915020
7.981300
6.926060
7.170916
7.153273
7.865906
7.163048
6.920576
7.150888
7.876158
7.030010
12.274504
7.310152
7.639408
7.048368
7.399082
7.994890
7.156610
7.359505
7.657766
7.127762
7.856607
7.841825
7.162333
7.778645
7.660389
7.800817
10.961771
7.203579
7.244825
7.895470
7.407188
7.491827
7.097244
7.044792
8.178711
6.895065
6.427288
10.687113
7.794619
7.669449
6.394625
7.918835
7.199049
6.852388
6.986618
7.120609
7.165909
8.406162
7.067680
7.408619
8.038521
6.915331
7.793903
7.080555
6.902218
6.801605
7.468939
7.859707
7.010221
5.815029
7.140160
6.354332
6.703615
12.728691
7.069588
7.240534
8.072615
7.421017
7.043362
7.773876
7.915258
7.124186
6.989479
8.166075
7.116318
7.907629
5.763054
6.702423
6.805897
6.098986
7.269859
5.994558
6.789446
5.765200
6.525993
5.752802
7.220745
6.829262
7.611752
6.263256
7.227182
6.695747
7.648706
7.045031
7.809639
7.095098
7.814407
11.461496
6.740570
6.045341
6.413937
6.512403
5.947351
5.979061
5.428791
7.235289
9.752274
5.682707
8.513451
7.908821
6.570101
6.566525
7.028341
6.695986
6.068468
6.680965
6.249428
5.668640
6.352901
6.363869
7.130146
8.164883
7.275820
7.024527
5.962133
6.540298
6.280661
6.985664
6.001472
6.399870
7.447243
7.450819
12.730837
7.594109
7.324696
7.636070
7.244349
6.653070
6.681442
6.594658
7.152557
6.445169
7.258892
6.098509
7.324696
6.261587
7.184267
6.759405
6.560087
6.819010
6.769896
7.056713
6.121874
6.918669
6.702900
5.943298
6.810188
6.771088
6.284475
6.775379
6.077290
6.982088
6.301641
6.073713
6.796122
6.705999
6.024599
6.043434
6.056786
5.961180
6.067753
6.166220
6.908655
6.213665
6.102324
6.961346
6.215811
6.185532
6.856441
6.923676
6.771326
7.136106
7.189512
6.878614
7.184267
6.100416
6.786585
6.145954
6.897449
7.211924
8.478642
7.532597
7.769346
6.775856
6.303072
6.439686
7.016659
6.201744
6.195545
7.273674
7.503986
7.060766
6.343365
7.075071
6.344557
6.263256
6.106853
7.652044
6.913185
6.777048
6.551266
6.267071
8.008003
6.962061
7.325888
7.449627
7.666826
6.842136
7.007360
8.042812
7.278204
7.744789
6.388426
6.671667
7.760525
5.874395
6.468296
6.644726
6.810188
7.918358
7.471800
6.268740
7.178545
7.268190
7.216930
7.314205
7.426500
7.986307
7.701874
6.666422
6.184101
5.906343
8.115292
7.358551
6.659269
8.101225
7.651567
6.860495
7.311583
6.305933
6.324768
7.559299
7.261515
7.319212
6.792307
7.047892
7.029772
7.070303
6.822109
6.857157
8.095503
7.827759
5.898952
6.877184
7.106066
7.048845
7.652044
6.049871
6.943703
6.920576
6.534815
7.847786
6.287098
6.915092
7.202387
6.921053
7.520676
6.970644
7.415533
6.955862
6.138325
6.214619
6.096601
7.200718
6.395817
6.170511
6.167173
7.068872
6.222010
7.337332
6.323099
7.335901
7.513762
7.462025
6.681681
6.209373
6.948233
6.029367
6.371975
5.775928
7.000685
6.235123
6.964207
7.016182
6.763697
6.822824
6.553650
6.478310
7.621527
6.712675
6.953955
7.565737
6.015062
6.711483
7.448912
6.590605
6.490946
7.055044
5.883694
5.369902
7.309675
7.018566
6.165504
6.405592
5.791426
6.730080
6.450176
7.090569
6.498575
6.557226
7.799864
7.294416
7.676125
6.636143
6.131172
6.095886
6.902933
6.784916
6.245375
7.332087
6.938219
7.402182
6.499767
5.992889
6.140709
6.467581
7.375240
6.059647
7.752657
7.364988
6.781101
5.777359
6.362915
7.124186
6.833315
6.111145
7.341623
7.385015
6.024122
6.587744
6.463528
7.145166
7.580042
7.848740
6.818295
6.567240
5.460978
6.963253
7.109880
7.445812
6.722927
6.411791
7.067680
6.667614
6.940603
6.788731
6.309986
6.938696
6.024837
5.892515
7.255554
6.191969
7.410049
8.751392
7.086992
7.501125
6.405830
5.947828
7.310867
7.853270
6.023169
8.614063
6.205320
8.383751
7.108212
7.907152
6.392241
8.107901
7.594109
7.173777
6.128550
5.665302
6.084919
5.556583
6.872416
6.479502
6.139278
6.182909
6.631136
7.072449
6.780148
6.587505
6.989002
6.918192
6.623268
6.960630
6.451130
6.534576
6.927013
6.532431
6.654739
7.128000
6.373644
8.614063
6.665230
6.711721
7.119179
6.461620
6.153584
7.678986
6.491184
6.324768
6.942749
7.156610
7.871628
7.632971
6.695747
6.667376
7.029295
7.648468
7.829428
6.786108
7.688046
7.311583
6.555080
7.371426
6.905556
7.548332
5.974293
6.184578
6.827116
6.658316
6.225348
6.643057
7.183075
6.737232
7.360697
6.671429
6.913185
6.430149
6.012440
7.067442
6.146908
6.865025
6.220102
8.208036
7.060766
7.188797
7.443190
7.179499
7.068872
7.344723
7.728577
7.258654
7.813454
6.931782
7.087469
7.207870
6.067276
7.968187
6.692171
6.320238
6.534815
6.124735
7.501841
7.559061
6.386995
7.103205
6.493330
6.690741
7.431030
6.027222
5.924940
6.492376
6.224155
6.927967
6.324530
6.099939
6.380320
6.705046
6.940842
7.516384
6.619692
5.927086
6.294966
7.261038
6.998301
7.621288
7.235765
6.642103
6.484747
6.291151
7.248402
7.328987
6.238461
7.276058
6.598234
7.525921
6.539345
7.086277
6.343126
6.862879
7.001877
7.299185
6.462336
6.270409
6.700993
8.115530
7.017612
7.253408
6.672859
6.015062
6.244421
6.154060
6.889343
