0.329759
0.161624
0.132208
0.111756
0.109852
0.103703
0.100267
0.123054
0.108370
0.109953
0.120840
0.134301
0.125156
0.114169
0.128593
0.112728
0.143075
0.113088
0.148303
0.106027
0.121161
0.124747
0.138137
0.112687
0.111335
0.082289
0.066965
0.088059
0.083050
0.103583
0.100678
0.106347
0.088820
0.095720
0.090633
0.092445
0.107949
0.107550
0.097654
0.088679
0.096132
0.086406
0.114781
0.115341
0.088269
0.091784
0.091974
0.094058
0.092345
0.090422
0.128803
0.087888
0.099967
0.100498
0.099266
0.090302
0.088459
0.098695
0.113979
0.084733
0.084493
0.099546
0.100639
0.112016
0.096351
0.103963
0.081117
0.084974
0.135492
0.106948
0.120228
0.144116
0.101359
0.135152
0.105285
0.128411
0.115070
0.119317
0.156966
0.100828
0.148583
0.115962
0.114740
0.132477
0.082980
0.067806
0.088859
0.103843
0.102540
0.093196
0.105756
0.092806
0.116072
0.108790
0.142032
0.105245
0.111895
0.109812
0.105856
0.116142
0.138858
0.109021
0.102340
0.123754
0.085163
0.071522
0.067747
0.081047
0.065353
0.084873
0.078823
0.112226
0.066314
0.112917
0.086505
0.092845
0.100047
0.095089
0.092365
0.117664
0.142364
0.130154
0.118195
0.106376
0.147140
0.105826
0.120519
0.133940
0.113378
0.109451
0.103973
0.130875
0.146028
0.141843
0.099176
0.103222
0.113408
0.111134
0.138657
0.154241
0.107458
0.121800
0.119577
0.115140
0.153349
0.135121
0.108339
0.103241
0.107258
0.458145
0.110903
0.143314
0.112265
0.119897
0.149003
0.100727
0.099225
0.132907
0.108319
0.122101
0.142854
0.120338
0.108840
0.126408
0.110573
0.106095
0.095970
0.091002
0.080776
0.157807
0.132918
0.113447
0.115350
0.110513
0.113668
0.145137
0.123754
0.101208
0.102780
0.183627
0.106957
0.120198
0.131696
0.119717
0.185390
0.129873
0.123353
0.113878
0.126528
0.161672
0.168954
0.143574
0.145147
0.208856
0.161923
0.154932
0.132106
0.076399
0.087116
0.070159
0.069779
0.065592
0.077000
0.074467
0.085082
0.074136
0.083801
0.097072
0.089840
0.073424
0.077952
0.091262
0.089911
0.110543
0.083711
0.096340
0.086014
0.083030
0.119006
0.084311
0.074886
0.092384
0.074296
0.102661
0.067786
0.083361
0.085062
0.074246
0.098152
0.078392
0.070590
0.084932
0.082689
0.082438
0.070530
0.082498
0.085373
0.079274
0.136112
0.088288
10.110835
0.085924
0.096570
0.083360
0.091312
0.075468
0.078051
0.091413
0.112395
0.066714
0.078583
0.065472
0.085243
0.063869
0.114368
0.060584
0.081788
0.064981
0.087336
0.066303
0.072533
0.077210
0.068918
0.071371
0.060424
0.074256
0.100026
0.072032
0.068988
0.074846
0.067966
0.065602
0.085704
0.079363
0.061286
0.076900
0.060183
0.069368
0.058581
0.087316
0.058742
0.074887
0.070460
0.088137
0.083520
0.068136
0.085012
0.074156
0.081767
0.072743
0.080275
0.062027
0.073023
0.104322
0.056999
0.079233
0.088397
0.079864
0.069258
0.061816
0.095990
0.062888
0.093536
0.066684
0.067996
0.060394
0.065522
0.070780
0.069257
0.095569
0.064170
0.094407
0.066694
0.090611
0.059933
0.079934
0.089319
0.063870
0.087457
0.074877
0.067795
0.088778
0.068877
0.080715
0.061135
0.137293
0.075117
0.099565
0.099234
0.069017
0.091843
0.084822
0.078732
0.105213
0.097912
0.069558
0.075206
0.079243
0.071000
0.063579
0.084822
0.070910
0.079754
0.064170
0.101898
0.068837
0.077290
0.079393
0.066613
0.080184
0.124644
0.058000
0.080165
0.064800
0.104933
0.094036
0.081176
0.079523
0.098663
0.068256
0.089820
0.061645
0.113196
0.079754
0.103320
0.064710
0.077511
0.063599
0.067835
0.070580
0.074806
0.070450
0.083230
0.057038
0.068616
0.065141
0.101057
0.072843
0.088888
0.058811
0.073634
0.080856
0.068867
0.058351
0.107086
0.090771
0.119225
0.109019
0.060934
0.087436
0.086514
0.079994
0.073073
0.072312
0.062287
0.110812
0.077010
0.064801
0.071672
0.074326
0.078342
0.075147
0.073293
0.073745
0.075938
0.069318
0.076849
0.079814
0.070029
0.086254
0.073744
0.070580
0.081567
0.084011
0.074706
0.077350
0.083941
0.070009
0.075767
0.074396
0.086735
0.075267
0.089379
0.068336
0.093295
0.102889
0.085462
0.073684
0.078462
0.096540
0.081246
0.065451
0.090730
0.060594
0.116631
0.103500
0.082598
0.059021
0.077240
9.938872
0.074605
0.066402
0.081877
0.063608
0.101136
0.065842
0.068185
0.103500
0.098944
0.099063
0.105354
0.092132
0.091101
0.118053
0.088547
0.095898
0.087285
0.096390
0.086635
0.102498
0.086524
0.095468
0.104692
0.093785
0.152276
0.089269
0.085132
0.128229
0.089409
0.115579
0.088276
0.102909
0.089940
0.104191
0.140598
0.084611
0.094927
0.088177
0.095328
0.094967
0.123191
0.090850
0.144143
0.093425
0.114067
0.094657
0.133247
0.093615
0.133227
0.130662
0.121508
0.103981
0.095007
0.090310
0.098242
0.108539
0.062367
0.090441
0.067184
0.088196
0.084912
0.110130
0.080214
0.115929
0.094426
0.083289
0.084952
0.078321
0.081506
0.092564
0.088587
0.085633
0.116330
0.079704
0.085673
0.085692
0.089068
0.087445
0.082928
0.082858
0.090500
0.088196
0.084350
0.125975
0.067995
0.065682
0.062828
0.077319
0.077741
0.090881
0.084100
0.081837
0.097692
0.085422
0.095487
0.078922
0.079443
0.099294
0.102920
0.093314
0.088347
0.092664
0.088407
0.098162
0.094196
0.083379
0.105183
0.083800
0.088407
0.099824
0.089548
0.096790
0.090630
0.089268
0.107986
0.115128
0.100895
0.104482
0.120857
0.122089
0.112955
0.106104
0.100285
0.092743
0.123120
0.295156
0.084180
0.093134
0.093143
0.102648
0.089458
0.064269
0.095598
0.094656
0.112454
0.109299
0.093384
0.094606
0.121688
0.093495
0.094826
0.095277
0.097340
0.090159
0.092903
0.087105
0.089418
0.101046
0.084761
0.097541
0.084080
0.092864
0.083519
0.084780
0.097671
0.084190
0.110150
0.089018
0.093935
0.096940
0.099193
0.091060
0.098482
0.094526
0.106865
0.103410
0.089919
0.090239
0.098873
0.122559
0.114928
0.097100
0.107125
0.090570
0.106234
0.092653
0.098342
0.089879
0.092793
0.105473
0.077350
0.187139
0.099644
0.092032
0.100856
0.111823
0.102098
0.106945
0.102498
0.095458
0.093745
0.091481
0.107376
0.102648
0.117371
0.100846
0.101526
0.093555
0.127337
0.092653
0.093164
0.088396
0.095057
0.100395
0.091972
0.090079
0.129300
0.092092
0.106655
0.109209
0.092032
0.107577
0.092393
0.142039
0.094786
0.144513
0.095147
0.125063
0.103751
0.094466
0.104010
0.099053
0.097271
0.104872
0.095657
0.093685
0.096309
0.091772
0.109259
0.086825
0.100264
0.091331
0.092763
0.126055
0.099063
0.086814
0.099544
0.095297
0.099844
0.096078
0.100655
0.096088
0.097750
0.105763
0.095237
0.096319
0.097800
0.093644
0.120416
0.111252
0.088797
0.102288
0.090960
0.110981
0.101546
0.109318
0.679016
0.108748
0.101237
0.103790
0.097741
0.103620
0.099464
0.096529
0.090360
0.096398
0.106604
0.117061
0.099904
0.126806
0.101987
0.100485
0.077750
0.068165
0.096649
0.092422
0.129490
0.091381
0.103349
0.081926
0.099313
0.092523
0.064800
0.066643
0.065341
0.069277
0.070358
0.078921
0.087404
0.071541
0.073062
0.120125
0.080344
0.078561
0.060974
0.084400
0.067864
0.069347
0.062987
0.078241
0.067063
0.087996
0.065271
0.106524
0.086834
0.077059
0.076348
0.059792
0.067534
0.066873
0.085041
0.096418
0.068957
0.066973
0.102007
0.078962
0.076288
0.069287
0.070179
0.144052
0.102147
0.115818
0.106144
0.113695
0.107526
0.108357
0.136470
0.102838
0.099454
0.112403
0.106183
0.121117
0.100715
0.097320
0.098932
0.117211
0.107555
0.117581
0.106194
0.111722
0.121356
0.107966
0.111882
0.101686
0.105593
0.095567
0.127396
0.099192
0.107616
0.115758
0.112353
0.143761
0.105042
0.109639
0.104060
10.206796
0.116830
0.102948
0.100294
0.102057
0.129249
0.115928
0.113104
0.105312
0.137441
0.107406
0.112163
0.102498
0.104010
0.113084
0.099352
0.138574
0.093684
0.133595
0.141397
0.103279
0.112833
0.108957
0.120055
0.106153
0.087584
0.137441
0.115578
0.104801
0.088717
0.106213
0.104010
0.112032
0.118271
0.092122
0.131582
0.133875
0.106263
0.111402
0.106003
0.115328
0.085982
0.093574
0.094456
0.089688
0.089949
0.099042
0.082998
0.081566
0.113715
0.092363
0.108207
0.093694
0.113054
0.083629
0.103338
0.092713
0.088195
0.109028
0.086623
0.109479
0.093634
0.099824
0.079262
0.085542
0.117080
0.107505
0.110120
0.105452
0.142008
0.109899
0.135769
0.114105
0.120735
0.099122
0.125223
0.139144
0.106894
0.099883
0.115296
0.126795
0.149189
0.116308
0.121877
0.109267
0.136870
0.093163
0.094665
0.098191
0.106233
0.105542
0.089217
0.133445
0.104530
0.100474
0.099373
0.135257
0.114376
0.134246
0.109138
0.105582
0.107545
0.105312
0.076628
0.080864
0.062886
0.086863
0.068175
0.073673
0.066342
0.064929
0.084379
0.088747
0.112602
0.069026
0.075566
0.094585
0.081956
0.132964
0.099783
0.090519
0.083539
0.085081
0.099583
0.096368
0.072842
0.147216
0.127716
0.113985
0.132524
0.100484
0.116158
0.096278
0.218415
0.155498
0.155469
0.203943
0.145743
0.131302
0.092252
0.087184
0.089718
0.084570
0.091921
0.101336
0.100865
0.111391
0.114946
0.134166
0.093924
0.102847
0.115287
0.095847
0.119684
0.097610
0.125172
0.142379
0.087534
0.092562
0.068875
0.075565
0.074053
0.065651
0.081405
0.092492
0.081735
0.084389
0.085892
0.083939
0.066512
0.084760
0.073843
0.076687
0.079112
0.091781
0.080503
0.072461
0.090058
0.081996
0.077809
0.074754
0.064779
0.067884
9.960475
0.092181
0.066412
0.084199
0.064659
0.084208
0.064549
0.169189
0.100745
0.079973
0.113644
0.094054
0.090489
0.075015
0.105051
0.105031
0.098430
0.138442
0.107585
0.090869
0.108226
0.101276
0.093453
0.096197
0.098481
0.094064
0.093834
0.097569
0.086062
0.082446
0.093544
0.086633
0.081655
0.084199
0.100845
0.089407
0.136479
0.093142
0.095887
0.104020
0.107664
0.132233
0.076387
0.161367
0.119313
0.135338
0.090419
0.113073
0.116959
0.086152
0.098661
0.112032
0.112322
0.109197
0.109618
0.103027
0.120134
0.087444
0.126554
0.091390
0.117830
0.113404
0.087945
0.087113
0.111461
0.142167
0.079732
0.069026
0.100074
0.115046
0.135217
0.100754
0.100574
0.111090
0.095106
0.132293
0.105712
0.101626
0.089106
0.133965
0.105351
0.105902
0.092252
0.118272
0.107625
0.108606
0.105351
0.091090
0.094825
0.072451
0.100764
0.119904
0.111681
0.091510
0.105992
0.082707
0.098841
0.094565
0.084490
0.100013
0.096698
0.079511
0.082096
0.080934
0.087043
0.093913
0.085741
0.076718
0.077708
0.113874
9.541787
0.074063
0.074364
0.064659
0.069477
0.073001
0.073312
0.075075
0.082746
0.083818
0.113984
0.083418
0.085460
0.087644
0.104891
0.126313
0.114726
0.177722
0.199485
0.151702
0.083277
0.078189
0.071890
0.076767
0.139714
0.087433
0.106503
0.094675
0.095156
0.129428
0.216411
0.094515
0.119323
0.103779
0.110779
0.122187
0.097489
0.106403
0.092892
0.093764
0.080473
0.064879
0.079391
0.085320
0.090278
0.095786
0.101926
0.108155
0.130569
0.097890
0.109447
0.095896
0.135126
0.098971
0.119803
0.075385
0.073663
0.101435
0.086963
0.091149
0.148547
0.080833
0.146224
0.093764
0.119663
0.080453
0.092762
0.094885
0.096898
0.090869
0.126664
0.135838
0.115066
0.152583
0.102076
0.111601
0.100153
0.079531
0.077739
0.059581
0.067052
0.142438
0.113664
0.127795
0.098240
0.121225
0.091710
0.078661
0.086703
0.066191
0.067322
0.081114
0.083959
0.149368
0.082025
0.088745
0.063297
0.106111
0.083517
0.084840
0.091659
0.086993
0.123328
0.078320
0.094505
0.083538
0.069987
0.084308
10.160184
0.090358
0.078790
0.086753
0.080263
0.075585
0.078039
0.095886
0.105471
0.094855
0.091079
0.091048
0.079812
0.095846
0.092231
0.098471
0.083377
0.118300
0.091049
0.105511
0.078199
0.088936
0.096648
0.118951
0.071359
0.092431
0.098411
0.075405
0.106252
0.082026
0.086892
0.074143
0.083848
0.097349
0.078690
0.091018
0.082476
0.070939
0.084178
0.065320
0.078539
0.123078
0.068424
0.078741
0.077187
0.096917
0.066802
0.074013
0.061734
0.138992
0.109327
0.109437
0.117169
0.114064
0.096637
0.099642
0.105531
0.092681
0.142688
0.089487
0.092812
0.098981
0.097499
0.093864
0.096477
0.099061
0.104460
0.107054
0.130559
0.104590
0.099733
0.096768
0.106132
0.126012
0.106082
0.105581
0.122006
0.095886
0.111290
0.100603
0.104509
0.103037
0.096457
0.112011
0.102437
0.107224
0.104008
0.104780
0.107254
0.099682
0.104079
0.104479
0.107745
0.107133
0.106092
0.101094
0.104479
0.130388
0.106922
0.094294
0.099542
0.104379
0.104639
0.116548
0.111891
0.106592
0.106332
0.100843
0.102806
0.104499
0.093563
0.100513
0.113252
0.111019
0.099752
0.095766
0.101746
0.121205
0.107434
0.099562
0.101785
0.111330
8.691352
0.105220
0.108435
0.109356
0.115476
0.098410
0.105621
0.100382
0.105561
0.122517
0.119602
0.127875
0.101825
0.114574
0.106172
0.106642
0.105130
0.113694
0.100723
0.103808
0.101314
0.103628
0.102556
0.102796
0.107234
0.101785
0.097108
0.105671
0.100573
0.098731
0.099582
0.088285
0.089647
0.098160
0.107323
0.101084
0.094775
0.088105
0.095345
0.110148
0.087594
0.089967
0.093943
0.095055
0.148446
0.092151
0.102967
0.097749
0.098090
0.096186
0.087524
0.096387
0.091789
0.093713
0.107284
0.113393
0.094724
0.091179
0.087022
0.097929
0.094844
0.092190
0.089497
0.106272
0.092060
0.097208
0.096347
0.095105
0.106332
0.089336
0.092311
0.093963
0.097008
0.107975
0.091850
0.093693
0.105731
0.097218
0.118550
0.105410
0.091319
0.109447
0.092341
0.127154
0.096648
0.128225
0.098460
0.091249
0.096286
0.088916
0.101795
0.091249
0.091179
0.092992
0.116778
0.095235
0.092731
0.091299
0.093152
0.098100
0.100724
0.094214
0.088224
0.096006
0.094324
0.109867
0.094103
0.093893
0.093322
0.094874
0.102185
0.091529
0.168537
0.104189
0.101384
0.098339
0.100944
0.101965
0.110408
0.099271
0.119271
0.098951
0.101494
0.102366
0.093993
0.100523
0.097789
0.105391
0.093192
0.121214
0.104339
10.138883
0.089046
0.102887
0.101044
0.100373
0.098340
0.106953
0.101915
0.110358
0.102435
0.111309
0.104239
0.112792
0.089667
0.101164
0.101174
0.100182
0.086462
0.084459
0.099781
0.085050
0.084718
0.097328
0.099711
0.084158
0.086482
0.066521
0.106412
0.090728
0.082916
0.085761
0.087273
0.077387
0.080382
0.072991
0.073622
0.067602
0.085259
0.076476
0.073442
0.074844
0.074754
0.085810
0.074553
0.097227
0.075825
0.093883
0.089947
0.101144
0.071989
0.074473
0.088014
0.068213
0.067032
0.111961
0.079390
0.092270
0.063647
0.088234
0.090708
0.085991
0.088805
0.087073
0.073371
0.068324
0.088434
0.086662
0.087072
0.084779
0.091720
0.080572
0.091138
0.078710
0.082846
0.080924
0.075425
0.066311
0.069786
0.065620
0.084939
0.095725
0.064869
0.087743
0.070798
0.069786
0.065219
0.070407
0.064779
0.099121
0.057377
0.082185
0.068674
0.070558
0.143968
0.112010
0.106352
0.107443
0.106863
0.107684
0.099141
0.087293
0.067322
0.076877
0.083127
0.061353
0.070007
0.059951
0.075545
0.074183
0.066942
0.090417
0.060352
0.108575
0.107894
0.113292
0.146843
0.109706
0.120954
0.096376
0.113101
0.144410
0.111830
0.116757
0.108304
0.118470
0.117970
0.099701
0.115405
0.112191
0.117929
0.118901
0.098890
0.122095
0.097889
0.101775
0.079461
0.070778
0.067933
0.085620
0.067503
0.110799
0.095485
0.097348
0.118570
0.114865
0.118930
0.109476
0.107783
0.105881
0.115205
0.098991
0.102395
0.101494
0.099832
0.110387
0.090828
0.097768
0.099130
0.099832
0.100292
0.100964
0.096696
0.095425
0.136558
0.112641
0.120383
0.109767
0.122155
0.115195
0.127624
0.113572
0.130879
0.105981
0.102015
0.131110
0.109246
0.111900
0.119852
0.120413
0.101634
0.101934
0.099832
0.104770
0.099080
0.101845
0.097739
0.099461
0.098650
0.106131
0.096607
0.103297
0.100072
0.095536
0.125530
0.107723
0.097187
0.106021
0.093642
0.101084
0.103257
0.096486
0.099841
0.098660
0.100592
0.097378
0.093772
0.104499
0.131800
0.110207
0.108485
0.101985
0.100132
0.105290
0.149957
0.123708
0.098820
0.096596
0.102665
0.102175
0.101443
0.099350
0.100893
0.093011
0.140694
0.100162
0.108044
0.100442
10.144519
0.064097
0.074894
0.063516
0.093622
0.096346
0.068964
0.070627
0.066120
0.058759
0.105330
0.063366
0.078950
0.064458
0.084528
0.066621
0.062945
0.113533
0.099281
0.099441
0.094503
0.095866
0.099170
0.097158
0.095255
0.097057
0.111529
0.104439
0.096366
0.103887
0.099041
0.111028
0.096997
0.097308
0.100763
0.096536
0.095194
0.100032
0.101745
0.098219
0.116306
0.104949
0.103026
0.103998
0.102786
0.100443
0.101403
0.106721
0.102295
0.097278
0.105490
0.095505
0.096556
0.131940
0.106321
0.112000
0.112360
0.105560
0.102426
0.103106
0.117589
0.130328
0.098440
0.126332
0.098009
0.117087
0.113553
0.141235
0.115485
0.115686
0.103527
0.109977
0.112560
0.114554
0.103818
0.114644
0.122916
0.110377
0.064057
0.088234
0.087943
0.096997
0.075205
0.088975
0.065079
0.080101
0.062495
0.081804
0.105420
0.079140
0.088374
0.077737
0.093061
0.061993
0.076106
0.088544
0.064348
0.066401
0.080903
0.065819
0.079691
0.088484
0.097878
0.079260
0.100652
0.060361
0.068954
0.096346
0.066270
0.095995
0.063316
0.107864
0.065559
0.081203
0.107713
0.083947
0.099761
0.087212
0.097407
0.096907
0.078920
0.080923
0.066060
0.096937
0.084157
0.080261
0.082454
0.083406
0.085740
0.082836
0.083767
0.071499
0.089676
0.088254
0.090437
0.086842
0.098889
0.092810
0.076746
0.070847
0.070427
0.076005
0.065229
0.072039
0.078769
0.083236
0.091899
0.073221
0.075755
0.070817
0.087593
0.105269
0.091969
0.106851
0.087072
0.072080
0.088314
0.093842
0.083566
0.091529
0.093031
0.085851
0.071478
0.079020
0.091699
0.120162
0.070096
0.059139
0.089746
0.078309
0.075023
0.090307
0.080853
0.071228
0.092771
0.086481
0.075844
0.068885
0.069045
0.075615
0.076426
0.094263
0.099451
0.092259
0.103567
0.092721
0.094163
0.097288
0.086871
0.091849
0.099210
0.089416
0.111328
0.107012
0.105059
0.117598
0.088984
0.111739
0.092620
0.125420
0.089485
0.115255
0.094663
0.112050
0.150968
0.285722
0.090487
0.103006
0.093532
0.092600
0.094463
0.094794
0.130357
0.098449
0.111719
0.098850
0.092079
0.069344
0.069776
0.139772
0.117127
0.128204
0.114754
0.093081
0.088784
0.089766
0.607399
0.115174
0.129697
0.091278
0.104648
0.117618
0.098038
0.107953
0.110567
0.110377
0.125861
0.133792
0.102365
0.109706
0.105760
0.105229
0.104949
0.107082
0.199492
0.116436
0.127593
0.123627
0.111439
0.091639
0.099140
0.099411
0.091478
0.096827
0.159041
0.216938
0.099500
0.106030
0.102826
0.166753
0.086621
0.097798
0.211940
0.102075
0.107312
0.105019
0.086450
0.113963
0.091629
0.100673
0.080983
0.072069
0.077658
0.091238
0.080712
0.083477
1.136810
0.087453
0.120842
0.094492
0.117759
0.088113
0.099240
0.097417
0.099391
0.088434
0.093762
0.079350
0.113963
0.097317
0.100351
0.092961
0.115434
0.083356
0.073041
0.077777
0.068033
0.089826
0.115985
0.078518
0.064327
0.060802
0.063236
0.061673
0.068694
0.068163
0.084367
0.085439
0.079561
0.086441
0.085669
0.076666
0.075674
0.084057
0.076786
0.076075
0.072069
0.089956
0.077487
0.082965
0.064337
0.090987
0.091358
0.106921
0.107252
0.100702
0.077658
0.102365
0.084448
0.082294
0.062845
0.075163
0.093151
0.087182
0.086651
0.087472
0.073641
0.066290
0.079820
0.085990
0.070517
0.070096
0.085559
0.087743
10.178636
0.073551
0.079771
0.091808
0.082675
0.088905
0.097747
0.096005
0.099421
0.081012
0.082075
0.061693
0.080672
0.077757
0.074022
0.073952
0.073511
0.108273
0.064668
0.088955
0.065049
0.091368
0.077197
0.068523
0.095294
0.064327
0.067752
0.065729
0.079260
0.077527
0.082655
0.065579
0.089375
0.077197
0.106031
0.096136
0.074162
0.082715
0.063737
0.075273
0.094002
0.079270
0.076546
0.093782
0.083497
0.088734
0.083496
0.108044
0.082655
0.077698
0.084147
0.099240
0.071218
0.078088
0.078889
0.082375
0.091458
0.076395
0.066841
0.074132
0.064889
0.076596
0.103517
0.082495
0.077086
0.082285
0.101563
0.083836
0.093732
0.075213
0.105129
0.076005
0.119270
0.083116
0.077687
0.066190
0.107172
0.084337
0.087322
0.079320
0.080932
0.074092
0.084929
0.073241
0.087452
0.085619
0.088924
0.079430
0.090978
0.075254
0.082535
0.084727
0.090787
0.083576
0.092029
0.082554
0.079169
0.092610
0.072670
0.101504
0.072840
0.063546
0.075624
0.061543
0.094963
0.073491
0.100391
0.083606
0.080301
0.086671
0.089445
0.070917
0.076085
0.092780
0.077287
0.110807
0.063215
0.090577
0.063105
0.094463
9.645505
0.086671
0.080041
0.103877
0.103576
0.056616
0.083667
0.063716
0.079801
0.066170
0.089445
0.058869
0.082775
0.063005
0.065720
0.083806
0.081794
0.114934
0.073461
0.100702
0.101884
0.101122
0.094153
0.092379
0.086050
0.097237
0.105970
0.081964
0.088884
0.106501
0.107282
0.112860
0.079641
0.085699
0.067402
0.060761
0.062775
0.060541
0.110447
0.089796
0.090657
0.092429
0.092219
0.068463
0.078689
0.113041
0.062404
0.086681
0.063436
0.071288
0.063366
0.062995
0.099491
0.100542
0.119761
0.096987
0.123256
0.099441
0.102806
0.074672
0.066140
0.077196
0.075413
0.067101
0.072410
0.076946
0.060772
0.065860
0.064907
0.059230
0.073911
0.062194
0.126691
0.070987
0.064728
0.068603
0.059900
0.069525
0.072890
0.099159
0.078469
0.082815
0.076866
0.080251
0.093932
0.083045
10.073266
0.107422
0.104007
0.094172
0.085870
0.096175
0.091378
0.085779
0.078268
0.089855
0.090096
0.082325
0.104568
0.116395
0.083797
0.059289
0.087612
0.099960
0.116586
0.083366
0.091719
0.089996
0.139631
0.120342
0.098398
0.108584
0.105960
0.108293
0.095114
0.100561
0.106581
0.101814
0.107733
0.109556
0.090396
0.092279
0.095053
0.067502
0.105098
0.115534
0.137918
0.101012
0.100932
0.084327
0.092039
0.072860
0.080962
0.084297
0.096796
0.103657
0.083606
0.067923
0.075754
0.061502
0.081743
0.061974
0.084087
0.073601
0.073481
0.087612
0.070016
0.069494
0.068323
0.075233
0.080752
0.105178
0.098579
0.096726
0.095755
0.090937
0.097346
0.093611
0.101233
0.070286
0.079369
0.073722
0.087051
0.063506
0.084828
0.092960
0.080251
0.091858
0.064207
0.103536
9.918509
0.071478
0.072429
0.065749
0.074342
0.075113
0.084387
0.069284
0.080621
0.072720
0.059981
0.067772
0.068493
0.099049
0.074062
0.078388
0.092058
0.064517
0.077407
0.073301
0.062744
0.062484
0.070006
0.072188
0.085799
0.068463
0.066380
0.134472
0.069655
0.088644
0.072179
0.061753
0.082174
0.070076
0.062334
0.072689
0.064106
0.079179
0.064417
0.072119
0.083386
0.071769
0.109184
0.064307
0.074232
0.062965
0.077457
0.065068
0.071208
0.065008
0.077757
0.063146
0.079389
0.072048
0.065920
0.062304
0.088944
0.100001
0.089205
0.062304
1.122571
0.069094
0.072659
0.070917
0.062655
0.084097
0.099190
0.085098
0.083716
0.086411
0.091207
0.088753
0.071718
0.098187
0.070547
0.079891
0.068082
0.059510
0.074242
0.086591
0.080421
0.068173
0.063014
0.072188
0.090176
0.079390
0.069414
0.077717
0.069034
0.081383
10.086278
0.150426
0.112039
0.101453
0.108634
0.103716
0.109124
0.110667
0.098889
0.104368
0.141403
0.098238
0.108002
0.091939
0.102344
0.092740
0.106600
0.087502
0.088794
0.103847
0.096185
0.079770
0.126871
0.082425
0.121613
0.091488
0.096625
0.096695
0.084768
0.102385
0.127712
0.093841
0.092870
0.102825
0.094933
0.118789
0.088073
0.084247
0.128473
0.118248
0.097677
0.088834
0.083536
0.085278
0.108233
0.095694
0.109675
0.089995
0.077977
0.072069
0.056385
0.082695
0.070906
0.084217
1.120467
0.070917
0.080431
0.091748
0.075924
0.068523
0.064527
0.086590
0.102684
0.066691
0.061252
0.081313
0.093771
0.068773
0.065138
0.073331
0.089154
0.068493
0.081553
0.065198
0.082935
0.110547
0.066390
0.090667
0.062194
0.083606
0.073531
0.068113
0.062484
0.064577
0.080331
0.064738
0.082314
0.118698
0.088993
0.080071
0.096936
0.132209
0.060100
0.120271
0.111087
0.080341
0.113030
0.064727
0.096435
0.060571
0.087662
0.060130
0.098318
0.063145
0.085558
0.098128
0.063415
0.078368
0.075604
0.093340
0.085809
0.094292
0.083766
0.105749
0.088754
0.108703
0.098748
0.092939
0.101102
0.109544
0.119419
0.100761
0.106771
0.100792
0.085198
0.092299
0.089525
0.090336
0.083646
0.075223
0.112649
0.107131
0.081233
0.095894
0.081152
0.084227
0.078849
0.078327
0.090196
0.067071
0.071217
0.067211
0.083946
0.095524
0.074142
0.089775
0.078698
0.086911
0.060841
0.099700
0.064457
0.094942
0.070577
0.095013
0.079249
0.065579
0.087211
0.082364
0.109164
0.100762
0.060841
0.099890
0.060431
0.086741
0.069194
0.089435
0.085017
0.065508
0.089054
0.097407
0.083946
0.076214
0.084747
0.086500
0.064707
0.109374
0.074532
0.094021
0.069865
0.083225
0.064557
0.103766
0.066610
0.081092
0.066860
0.084527
0.061392
0.070916
0.063025
0.111628
0.070206
0.064036
0.065319
0.066360
0.069675
0.069455
0.066991
0.065979
0.068172
0.064717
10.332815
0.091027
0.081843
0.062504
0.070837
1.129228
0.071257
0.091408
0.076004
0.064187
0.066210
0.097697
0.111177
0.109124
0.092709
0.135224
0.115334
0.113440
0.109315
0.126400
0.127121
0.140010
0.107882
0.102814
0.130666
0.102584
0.096946
0.078408
0.122554
0.125809
0.097456
0.099920
0.095994
0.124587
0.111988
0.088483
0.100100
0.091177
0.099810
0.101072
0.090256
0.089465
0.118929
0.091598
0.086460
0.095533
0.096645
0.099540
0.089214
0.095824
0.096446
0.093070
0.095925
0.096896
0.097827
0.102064
0.096575
0.088683
0.096155
0.088083
0.071758
0.095113
0.099620
0.095143
0.092679
0.097556
0.102434
0.101193
0.090816
0.092118
0.093540
0.095663
0.093771
0.124006
0.099159
0.101733
0.101082
0.100592
0.100070
0.090076
0.103565
0.094282
0.108714
0.095864
0.090086
0.082865
0.098618
0.072209
0.138468
0.109174
0.071878
0.067331
0.089465
0.070707
0.075523
0.063926
0.067692
0.080011
0.077998
0.105248
0.065699
0.068362
0.086470
0.116735
0.122103
0.103696
0.108072
0.113871
0.310627
0.105688
0.099659
0.106119
0.110095
0.109956
0.109664
0.104216
0.118578
0.098258
0.118929
0.104197
0.108112
0.095053
0.108583
0.108263
0.096044
0.100701
0.095644
0.094993
0.085478
0.087011
0.085188
0.095964
0.085018
0.088022
0.090386
0.097857
0.114863
0.124367
0.119139
0.128793
0.096826
0.100622
0.088623
0.097376
0.101933
0.091778
0.093320
0.088423
0.100481
0.092058
0.096075
0.094622
0.109895
0.093721
0.089895
0.093991
0.086980
0.086510
0.089044
0.099630
0.091067
0.174592
0.096005
0.102214
0.095313
0.085989
0.096635
0.112038
0.105519
0.103616
0.116965
0.109445
0.107852
0.137466
0.138748
0.099960
0.134182
0.101122
0.097086
0.096465
0.101653
0.085679
0.140290
0.100972
0.112890
0.088052
0.147822
0.105679
0.112879
0.130816
0.124727
0.175713
0.110096
0.161913
0.134853
0.107110
0.114061
0.113911
0.114923
0.107161
0.107892
0.128994
0.099860
0.138979
0.136655
0.128953
0.116756
0.106519
0.092640
0.099560
0.107101
0.105849
0.104718
0.099500
0.094793
0.107522
0.111878
0.130857
0.113891
0.110676
0.126019
9.761696
0.097797
0.095223
0.106369
0.107291
0.107942
0.131337
0.116375
0.138408
0.116616
0.110046
0.126520
0.108434
0.097846
0.084706
0.092909
0.091587
0.087760
0.109576
0.070944
0.074579
0.076052
0.101162
0.107062
0.087480
0.070643
0.087721
0.120443
0.141907
0.081951
0.137140
0.098938
0.091566
0.086188
0.122105
0.095242
0.086168
0.102364
0.085968
0.109346
0.109315
0.076632
0.087521
0.082112
0.080869
0.076843
0.081380
0.075471
0.076172
0.072917
0.093189
0.124089
0.084085
0.079737
0.079797
0.066527
0.085637
0.058514
0.091287
0.060707
0.058904
0.079477
0.060837
0.079958
0.081370
0.086919
0.085487
0.083454
0.066216
0.062731
0.065526
0.060494
0.062249
0.069997
0.080111
0.067000
0.068153
0.059793
0.063843
0.062539
0.064614
0.083880
0.074728
0.064484
0.103096
0.072473
0.064383
0.075741
0.066750
0.078768
0.060535
0.070849
0.057326
0.068895
0.068312
0.072753
0.070438
0.084391
0.121198
0.076362
0.112268
0.107376
0.078427
0.071821
0.079309
0.060003
0.088541
0.067701
0.062479
0.068754
0.075801
0.082016
0.071310
0.074647
0.073134
10.183648
0.068934
0.086416
0.085213
0.072634
0.081274
0.072563
0.078948
0.073776
0.072874
0.077244
0.082246
0.083088
0.079059
0.061637
0.069436
0.080612
0.060494
0.063592
0.064554
0.099176
0.086025
0.096951
0.061747
0.084591
0.080222
0.063853
0.117109
0.068132
0.072583
0.067571
0.081133
0.080462
0.059752
0.081856
0.080672
0.067642
0.073445
0.072894
0.077284
0.079900
0.078527
0.068794
0.070779
0.076713
0.097312
0.086797
0.078777
0.081264
0.071500
0.080221
0.088461
0.085875
0.085273
0.097473
0.067440
0.085624
0.082046
0.082357
0.086186
0.090105
0.090406
0.097262
0.096160
0.086215
0.116869
0.089704
0.079780
0.084681
0.080612
0.085694
0.086517
0.072342
0.085512
0.164167
0.092047
0.088569
0.066116
0.078956
0.078686
0.072571
0.091356
0.090253
0.099194
0.089081
0.081512
0.093100
0.073393
0.090694
0.081062
0.081843
0.117527
0.075598
0.093932
0.082936
0.129826
0.077253
0.098542
0.070085
0.064051
0.060784
0.069103
0.111032
0.061956
0.072902
0.067298
0.065644
0.069224
0.073694
0.075458
0.065675
0.128283
0.078976
0.075819
0.084659
0.063770
0.094363
0.062016
0.087396
0.092678
0.084089
0.099395
9.660409
0.082786
0.084550
0.076330
0.079107
0.086584
0.107113
0.094523
0.087556
0.083637
0.090012
0.097811
0.087927
0.093060
0.087306
0.113357
0.081282
0.089431
0.071639
0.083647
0.076881
0.066948
0.098954
0.080329
0.081332
0.082435
0.089862
0.079949
0.081562
0.066818
0.093651
0.084248
0.084409
0.073323
0.080089
0.086023
0.079758
0.079077
0.084359
0.081803
0.077383
0.079828
0.073734
0.073563
0.078916
0.072541
0.088850
0.081342
0.070727
0.075719
0.073654
0.093862
0.084098
0.089511
0.084119
0.074936
0.082485
0.074566
0.089902
0.093782
0.088047
0.095645
0.077974
0.084579
0.061215
0.074445
0.065605
0.064122
0.094583
0.069424
0.071499
0.063899
0.073993
0.063768
0.066115
0.065553
0.067347
0.065292
0.065282
0.074153
0.073962
0.073863
0.071407
0.079425
0.064722
0.157187
0.075627
0.090502
0.066405
0.082462
0.093529
0.066666
0.068309
0.057434
0.067939
0.060120
0.065282
0.070003
0.066867
0.065332
0.060411
0.070976
0.065333
0.110939
0.121965
0.117214
0.101788
0.089199
0.066956
0.059919
0.072078
0.067076
0.057384
0.067879
10.609092
0.069302
0.062095
0.075366
0.076318
0.080418
0.107360
0.112062
0.110859
0.123067
0.096575
0.136699
0.118436
0.108213
0.112091
0.112613
0.118206
0.092656
0.152456
0.105026
0.100485
0.121644
0.104003
0.099532
0.102208
0.079837
0.068991
0.074404
0.072710
0.079115
0.073281
0.077942
0.065162
0.064470
0.081440
0.083536
0.080097
0.090872
0.086773
0.085289
0.110087
0.107280
0.065533
0.067708
0.093817
0.082551
0.072959
0.081628
0.071435
0.086330
0.070944
0.115607
0.105664
0.099590
0.109082
0.150488
0.116449
0.120488
0.115426
0.108982
0.104632
0.113052
0.103589
0.115357
0.098047
0.113653
0.098337
0.103239
0.106637
0.115346
0.101154
0.086249
0.104442
0.099219
0.104231
0.109283
0.103189
0.076507
0.074562
0.077789
0.095580
0.094449
0.062795
0.071836
0.071615
0.075505
0.084194
0.065271
0.078942
0.073690
0.065702
0.061122
0.065502
0.059568
0.078161
0.063457
0.069020
0.145517
0.102867
0.107057
0.067486
0.093266
0.095881
0.084746
0.080597
0.106897
0.090589
0.093827
0.082220
0.100332
0.118063
0.085598
0.093577
0.087393
0.102968
0.096403
0.089116
0.081869
0.095100
0.089186
0.096112
0.117532
0.084325
0.089417
0.091291
0.090550
0.088114
0.102176
0.093245
0.087703
0.089467
0.081218
0.089505
0.090698
0.095649
0.123723
0.091670
0.086609
0.102424
0.121769
0.097343
0.095048
0.090998
0.070361
0.091740
0.066282
0.076586
0.065871
0.074781
0.064708
0.066191
0.080003
0.099849
0.063365
0.081206
0.068266
0.092161
0.067184
0.068266
0.067965
0.078650
0.061882
0.074761
0.076826
0.080033
0.065650
0.083501
0.073278
0.062092
0.073579
0.065621
0.728909
0.064869
0.066662
0.058724
0.071604
0.065199
0.085546
0.061922
0.063806
0.064478
0.084884
0.061692
0.084393
0.065440
0.078600
0.128093
0.149612
0.117619
0.118441
0.113430
0.106855
0.093163
0.085245
0.126420
0.098896
0.114231
0.111736
0.113640
0.105612
0.101272
0.103146
0.119273
0.117880
0.114081
0.117900
0.117369
0.103487
0.112928
0.098726
0.122390
0.102856
0.100841
0.113399
0.117368
0.113420
0.116166
0.108819
0.118190
0.111696
0.106371
0.136479
0.113678
0.111703
0.119130
0.107995
0.101160
0.113437
0.126286
0.102021
0.105338
0.133212
0.121515
0.103906
0.104477
0.106451
0.128612
0.102883
0.114951
0.101881
0.125654
0.122678
0.107273
0.113898
0.108656
0.124472
0.108135
0.129694
0.117176
0.109108
0.108947
0.127659
0.096338
0.113587
0.100538
0.100929
0.101961
0.110370
0.105188
0.122107
0.105520
0.109979
0.116905
10.681254
0.101911
0.119761
0.113397
0.101470
0.107744
0.110421
0.115562
0.109247
0.132400
0.106431
0.106210
0.107845
0.118108
0.112926
0.106641
0.119541
0.087277
0.131348
0.105589
0.131708
0.113127
0.107123
0.109288
0.121475
0.109188
0.137121
0.149539
0.107393
0.118900
0.107254
0.110802
0.118198
0.116885
0.107684
0.114881
0.099766
0.090305
0.110741
0.073266
0.076182
0.085985
0.070600
0.085915
0.109569
0.089613
1.146214
0.093390
0.082074
0.093921
0.089531
0.151891
0.139894
0.100967
0.109135
0.105416
0.093460
0.104034
0.084921
0.078457
0.075690
0.073555
0.065537
0.132207
0.066228
0.081473
0.074457
0.076833
0.096267
0.083908
0.079709
0.081884
0.067301
0.079799
0.079409
0.071130
0.085903
0.093750
0.074437
0.077825
0.102360
0.085121
0.073665
0.092588
0.080361
0.093671
0.087286
0.088158
0.070297
0.071220
0.097468
0.077334
0.070338
0.092738
0.080341
0.088458
0.104444
0.081683
0.080892
0.089911
0.072402
0.078527
0.070348
0.078767
0.074157
0.079288
0.086314
0.084770
0.095595
0.088419
0.093480
0.101257
0.084109
0.094492
0.083327
0.107030
0.101436
0.091424
0.092656
0.079297
0.082895
0.073233
0.068453
0.077463
0.109013
0.089309
0.093759
0.085480
0.118383
0.093087
0.068493
0.081702
0.074857
0.069194
0.071900
0.083155
0.079947
0.080981
0.081020
0.103070
0.084107
0.079106
0.103771
0.090822
0.108953
0.104032
0.097587
0.121110
0.083316
0.090180
0.094540
0.095813
0.114124
0.105364
0.094430
0.077653
0.080409
0.061898
0.088336
0.083566
0.079787
0.081401
0.112390
0.058961
0.085320
0.119697
0.081712
0.079537
0.085701
0.076821
0.118484
0.083596
0.080840
0.068162
0.064354
0.070106
0.076911
0.060755
0.072822
0.065646
0.069725
0.065866
0.074004
0.071169
0.086382
0.065175
0.066939
0.086472
0.065946
0.082734
0.065135
0.065225
0.083065
0.062319
0.065226
0.074015
0.074366
0.062880
0.093929
0.084437
0.075266
0.084616
0.063660
0.089678
0.090519
0.060684
0.080608
0.069844
0.077742
0.133074
0.067218
0.068882
0.074694
0.076058
0.072119
0.092303
0.069503
0.067319
0.078964
0.065905
0.082872
0.057436
0.064873
0.061746
0.077571
0.064061
0.187403
0.140560
0.130868
0.146834
0.163741
0.106936
0.107667
0.102005
0.096693
0.101344
0.079215
0.082662
0.087924
0.146012
10.472133
0.131851
0.098647
0.140710
0.120386
0.104460
0.114893
0.113069
0.090610
0.094509
0.098006
0.116607
0.088475
0.101544
0.118110
0.105964
0.090530
0.113560
0.106304
0.111326
0.126900
0.104671
0.065324
0.102706
0.120256
0.106956
0.088926
0.098246
0.075216
0.094548
0.097165
0.104050
0.097174
0.097585
0.087132
0.121889
0.077150
0.081179
0.070686
0.066657
0.120897
0.109140
0.072760
0.106305
0.112007
0.107076
0.170646
0.105300
0.131187
0.106332
0.112957
0.116234
0.111644
0.109850
0.116384
0.096782
0.109931
0.109299
0.119050
0.099427
0.106714
0.100931
0.118388
0.116324
0.144876
0.138272
0.097322
0.105521
0.108688
0.089145
0.100760
0.101050
0.105431
0.069933
0.090999
0.071676
0.069582
0.088143
0.083974
0.086790
0.095038
0.093124
0.087652
0.122338
0.102784
0.081629
0.078401
0.096050
0.110341
0.106694
0.069802
0.065263
0.074403
0.087762
0.077479
0.086739
0.070073
0.085036
0.078632
0.086429
0.071667
0.129694
0.097173
0.205118
0.083443
0.071536
0.087922
0.079013
0.079213
0.078772
0.076417
0.079755
9.662471
0.065743
0.066625
0.082741
0.067758
0.084194
0.090669
0.091640
0.091540
0.082410
0.091149
0.085927
0.072298
0.080927
0.085447
0.077590
0.080305
0.075054
0.071005
0.085848
0.083162
0.076447
0.083242
0.083342
0.098144
0.120564
0.089125
0.069392
0.067698
0.068740
0.080116
0.092983
0.084064
0.080406
0.086559
0.084445
0.113107
0.072719
0.085587
0.107225
0.085197
0.111393
0.094297
0.065323
0.071917
0.081368
0.082630
0.072919
0.079894
0.082190
0.094757
0.076096
0.079233
0.081608
0.070735
0.082721
0.075194
0.076357
0.062536
0.077758
0.070723
0.069150
0.064089
0.066975
0.066744
0.065051
0.066394
0.062375
0.063909
0.108585
0.066995
0.092781
0.072898
0.070904
0.079723
0.074191
0.083350
0.081065
0.076166
0.069150
0.075865
0.086026
0.076626
0.097290
0.083661
0.063708
0.081898
0.081457
0.078820
0.082128
0.094004
0.086879
0.082168
0.071746
0.073239
0.088422
0.094595
0.103695
0.082078
0.084102
0.066915
0.063738
0.069831
0.061413
0.064019
0.071435
0.093853
0.061603
0.084934
0.092771
0.087690
0.087580
0.108495
0.096990
0.090416
0.083601
0.079743
0.084232
0.095176
0.092831
0.093693
0.087610
10.290671
0.101249
0.092169
0.086899
0.087429
0.093974
0.087530
0.090275
0.084182
0.088442
0.120542
0.104547
0.080445
0.088532
0.126244
0.117695
0.098694
0.091568
0.101740
0.103745
0.099997
0.097461
0.103474
0.132317
0.096830
0.103374
0.150847
0.103454
0.099646
0.098633
0.105348
0.096519
0.089313
0.090165
0.106841
0.093713
0.096940
0.131865
0.109558
0.100769
0.113225
0.103284
0.109387
0.094605
0.106010
0.093894
0.092931
0.101610
0.095316
0.095386
0.102081
0.116011
0.091408
0.097701
0.096358
0.123468
0.093984
0.101851
0.088362
0.091166
0.095645
0.090825
0.093992
0.096878
0.099053
0.097950
0.104926
0.088180
0.109265
0.093240
0.118414
0.100035
0.083599
0.095235
0.087348
0.095455
0.087248
0.098863
0.088761
0.090455
0.096828
0.116180
0.092759
0.122353
0.096207
0.125370
0.089031
0.092970
0.095024
0.092629
0.094733
0.093000
0.096076
0.093160
0.093752
0.092449
0.091286
0.088991
0.108403
0.088079
0.118595
0.095826
0.088620
0.099584
0.106238
0.092929
0.114727
0.098241
0.097089
0.095996
0.100847
0.152207
0.084291
0.084181
0.088751
0.093651
0.095185
0.121000
0.096968
0.090104
0.095996
0.095836
0.093300
0.092259
0.090184
0.091717
0.104394
0.096778
0.090775
0.106017
9.438252
0.106128
0.102500
0.099444
0.095134
0.093281
0.074701
0.062394
0.080814
0.092288
0.074610
0.069459
0.074480
0.076163
0.078849
0.089572
0.086806
0.084622
0.083570
0.073397
0.087178
0.086957
0.077085
0.083039
0.080062
0.083319
0.081115
0.088811
0.075042
0.073969
0.082057
0.082427
0.080473
0.082548
0.095706
0.140021
0.080894
0.076755
0.085825
0.122763
0.081695
0.088080
0.084842
0.085925
0.080543
0.079491
0.089532
0.065751
0.090495
0.082227
0.083539
0.084522
0.078018
0.062635
0.076073
0.082666
0.077936
0.084650
0.084059
0.082306
0.082396
0.087066
0.085442
0.081033
0.082295
0.074619
0.081845
0.071702
0.081724
0.084139
0.076172
0.087727
0.088809
0.087597
0.083809
0.070510
0.088579
0.092307
0.085923
0.078327
0.082275
0.084711
0.091115
0.082927
0.085603
0.083909
0.094772
0.069899
0.072595
0.083418
0.096776
0.076002
0.102819
0.084059
0.090703
0.078487
0.077655
0.089832
0.079530
0.091495
0.093219
0.086344
0.081103
0.077535
0.083368
0.085272
0.085242
0.073417
0.067664
0.079961
0.082987
0.103511
0.088689
0.092989
0.078407
0.090373
0.091104
0.084380
0.093249
0.077906
0.084339
0.083308
0.085563
0.086535
0.092477
0.081002
0.084941
10.272725
0.074769
0.083919
0.078919
0.075812
0.066221
0.076453
0.080502
0.076964
0.090323
0.059817
0.076002
0.066562
0.077586
0.090583
0.095314
0.100043
0.083317
0.069197
0.071522
0.065540
0.070110
0.079249
0.087306
0.092537
0.086485
0.099863
0.105475
0.086665
0.087787
0.092266
0.085522
0.087336
0.078287
0.088388
0.069518
0.079078
0.084821
0.080432
0.073927
0.071572
0.073697
0.077395
0.074919
0.088929
0.079790
0.079891
0.078698
0.080121
0.073918
0.091394
0.082486
0.083418
0.075551
0.083928
0.071051
0.088817
0.083126
0.088417
0.066260
0.072693
0.087605
0.077213
0.077343
0.106375
0.081602
0.081031
0.086112
0.085681
0.089278
0.091062
0.087325
0.094199
0.097095
0.087705
0.100863
0.093457
0.113641
0.102186
0.117448
0.109632
0.110193
0.131207
0.096614
0.106054
0.096735
0.115464
0.105483
0.102256
0.106917
0.104882
0.100722
0.113359
0.101855
0.104030
0.094059
0.103458
0.104581
0.115444
0.105604
0.080109
0.078386
0.064236
0.073495
0.070830
0.081392
0.073165
0.070248
0.071872
0.077414
0.081332
0.089729
0.067442
0.101365
0.065168
0.062503
0.066080
0.074918
0.077314
0.086212
0.076802
0.065549
0.062492
0.065759
0.077615
0.093137
0.073555
0.081903
0.082745
0.073555
0.073936
0.089459
0.077715
0.089900
0.082194
0.082845
0.081112
0.086422
0.086864
0.093327
0.077203
0.101474
0.089860
0.113921
0.088697
0.108780
0.076522
0.104811
0.092737
0.094991
0.075820
0.096144
0.079408
0.080921
0.062392
0.079378
0.080330
0.065128
0.078225
0.078577
0.075379
0.078586
0.077143
0.076803
0.094099
0.075389
0.100040
0.078484
0.073114
0.102014
0.087163
0.086141
0.083004
0.082553
0.065978
0.082623
0.087875
0.078465
0.081391
0.091522
0.077472
0.084497
0.073213
0.062090
0.084527
0.081702
0.080368
0.092634
0.075889
0.064215
0.081882
0.091281
0.077813
0.083746
0.082202
0.081571
0.085058
0.079587
0.110362
0.087484
0.081571
0.076811
0.077122
0.074266
0.088245
0.092765
0.081431
0.096883
1.149392
0.097064
0.076260
0.098808
0.071360
0.099389
0.077773
0.085199
0.087003
0.086011
0.073234
0.064094
0.102014
0.066168
0.090220
0.095801
0.089758
0.101633
0.092925
0.100421
0.082643
0.088846
0.087073
0.082333
0.075609
0.081310
0.076541
0.082914
0.087183
0.091001
0.237318
0.083566
0.083605
10.274705
0.076771
0.081942
0.103938
0.086952
0.078595
0.078926
0.088666
0.085599
0.091272
0.084627
0.081782
0.074356
0.082854
0.067551
0.093567
0.069856
0.091492
0.075238
0.084537
0.100721
0.089618
0.096192
0.083344
0.073754
0.089758
0.068053
0.081782
0.091742
0.099549
0.113438
0.088656
0.090740
0.086702
0.097003
0.082163
0.075859
0.086601
0.089869
0.085319
0.089788
0.073034
0.084387
0.089568
0.084727
0.099529
0.089548
0.086562
0.082984
0.063904
0.102836
0.083594
0.083784
0.080899
0.086059
0.073944
0.112304
0.078012
0.084375
0.077251
0.084897
0.067069
0.080598
0.078734
0.099698
0.076109
0.093976
0.059634
0.089897
0.077552
0.084737
0.057009
0.088986
0.085117
0.092162
0.076229
0.080798
0.061959
0.080557
0.076229
0.086550
0.062199
0.114338
0.077792
0.074034
0.065546
0.077100
0.080167
0.070086
0.073694
0.076840
0.089546
0.070036
0.062550
0.071408
0.062250
0.098045
0.119819
0.104367
0.100208
0.109628
0.086951
0.097563
0.100439
0.093865
0.099718
0.093515
0.100910
0.090378
0.104187
0.092172
0.098295
0.107414
0.098405
0.085277
0.101682
0.302059
0.100399
0.116794
0.115350
0.110661
0.130591
0.110380
0.091300
0.095579
0.092322
0.093995
0.095258
0.096010
0.095930
0.093404
0.123207
0.097202
0.103235
0.097222
0.093655
0.095078
0.096200
0.093284
0.098094
0.101311
0.094106
0.087623
0.114639
0.086380
0.086551
0.120681
0.095880
0.089596
0.137255
0.107213
0.064855
0.104698
0.075016
0.072952
0.089918
0.089135
0.087682
0.085758
0.079516
0.081991
0.085097
0.090368
0.093344
0.082722
0.094456
0.089537
0.078262
0.089425
0.087070
0.083963
0.079795
0.088994
0.079093
0.083252
0.075917
0.075686
0.068302
0.059883
0.070836
0.103032
0.098434
0.150471
0.080647
0.063992
0.069042
0.086529
0.079084
0.074674
0.077811
0.089856
0.095447
0.080827
0.078492
0.079283
0.078091
0.083583
0.083472
0.085998
0.076318
0.096008
0.087852
0.115920
0.085547
0.088833
0.086919
0.090257
0.086268
0.091058
0.089635
0.077720
0.090858
0.081027
0.101189
0.074695
0.088523
0.089545
0.116320
0.088002
0.088002
0.078502
0.087691
0.072059
0.068251
0.075817
0.106670
0.080857
0.081268
0.081999
0.077881
0.076097
0.067309
0.081739
0.086850
0.109637
0.069053
0.077700
0.076768
0.077380
0.074544
0.082270
0.079053
0.087791
0.074483
0.334471
0.118104
0.118875
0.078372
0.111139
0.093934
0.071899
0.135630
0.138396
0.076779
0.086068
0.082651
0.094856
0.075385
0.077660
0.092942
0.078722
0.076719
0.077600
0.078632
0.076939
0.079364
0.076358
0.084435
0.088783
0.075105
0.089365
0.104256
0.092872
0.081258
0.082811
0.200875
0.087802
0.096259
0.078923
0.093643
0.108785
0.087451
0.118856
0.078111
0.115369
0.094145
0.101350
0.102512
0.097261
0.096259
0.161512
0.093071
0.096979
0.098983
0.110858
0.109855
0.088160
0.095556
0.105677
0.097911
0.109635
0.084693
0.087208
1.137733
0.090987
0.095236
0.085565
0.085495
0.083591
0.076496
0.087320
0.095216
0.123954
0.110397
0.090816
0.106248
0.113012
0.084854
0.085366
0.079002
0.112941
0.106499
0.092550
0.092569
0.084754
0.092209
0.088943
0.083791
0.072238
0.122541
0.100817
0.077228
0.100717
0.089854
0.098742
0.071356
0.094253
0.069983
0.082619
0.082729
0.118533
0.088892
0.097620
0.101739
0.097961
0.098062
0.091418
0.097911
0.106458
0.083882
0.094774
0.103643
0.088902
0.082489
0.087028
0.088281
0.054141
0.066567
0.076948
0.067679
0.067258
0.062307
50.772515
0.065223
0.063600
0.072258
0.064763
0.090205
0.085386
0.065725
0.112000
0.085585
0.083542
0.065684
0.084113
0.081808
0.071286
0.075144
0.073060
0.092620
0.094083
0.095426
0.110958
0.111730
0.083391
0.076818
0.081037
0.085175
0.083982
0.093953
0.078461
0.087560
0.080055
0.105407
0.102911
0.105236
0.106569
0.112260
0.102190
0.104003
0.111749
0.103533
0.079232
0.064703
0.072048
0.073331
0.087819
0.078580
0.065894
0.065403
0.079712
0.084492
0.102449
0.109813
0.074833
0.082037
0.063079
0.072177
0.100284
0.094843
0.085023
0.068700
0.079372
0.076355
0.069100
0.089813
0.074813
0.102238
0.095114
0.087288
0.084422
0.082929
0.090464
0.092548
0.084983
0.082508
0.065193
0.070974
0.082368
0.090304
0.090224
0.094111
0.093481
0.089392
0.091787
0.087248
0.064993
0.093651
0.126548
0.088501
0.075885
0.061455
0.064641
0.069371
0.070975
0.076807
0.075043
0.077809
0.090955
0.068891
0.071516
0.069050
1.165494
0.092368
0.076666
0.092488
0.078781
0.095715
0.081015
0.097468
0.089332
0.083861
0.088811
0.100023
0.090485
0.086897
0.079211
0.066715
0.083641
0.091847
0.081726
0.091276
0.091106
0.092047
0.081326
0.080514
0.101917
0.083530
0.103571
10.296241
0.076857
0.090685
0.067959
0.083511
0.091166
0.089632
0.077728
0.073981
0.092919
0.099653
0.085304
0.075845
0.086216
0.081226
0.076496
0.099533
0.082117
0.088700
0.084122
0.090504
0.088380
0.093781
0.101367
0.073490
0.082057
0.085955
0.063910
0.084141
0.075805
0.069812
0.066405
0.065073
0.080284
0.085534
0.077077
0.072268
0.091056
0.078680
0.081486
0.075253
0.078009
0.067117
0.081466
0.071495
0.084181
0.079971
0.084351
0.090913
0.092247
0.096254
0.083539
0.087347
0.089461
0.090343
0.084431
0.083990
0.084942
0.095894
0.110464
0.092317
0.112498
0.081195
0.084842
0.078278
0.084340
0.086455
0.071915
0.069340
0.082126
0.064650
0.081896
0.067857
0.077597
0.063348
0.069971
0.079341
0.090673
0.054901
0.073839
0.063118
0.113449
0.064641
0.087507
0.074741
0.095974
0.079310
0.097056
0.064370
0.086204
0.077076
0.090874
0.074029
0.086064
0.074350
0.082356
0.078980
0.093138
0.088098
0.100253
0.088790
0.090944
0.104371
0.108600
0.067867
0.080353
0.078409
0.052566
0.060182
0.063839
0.058949
0.072677
0.090914
0.063930
0.095733
0.066364
0.065723
0.057045
0.078088
0.082437
0.063498
0.095393
0.088720
0.088820
0.071505
0.063188
0.063148
0.076605
0.079931
0.064019
0.070803
0.085082
0.077918
0.062026
0.085663
0.061404
0.079150
0.061273
0.072527
0.064831
0.066675
0.063238
0.081385
0.058889
0.068138
0.061665
0.087356
0.070040
0.067175
0.063207
0.060171
0.072095
0.065271
0.069179
0.129600
0.090582
0.121675
0.094249
0.091083
0.086684
0.092145
0.085362
0.084379
0.091454
0.093738
0.123448
0.098027
0.115663
0.092486
0.087365
0.093037
0.097436
0.101383
0.108518
0.133849
0.148699
0.098418
0.114049
0.102696
0.104871
0.139440
0.102456
0.166906
0.132657
0.094610
0.085391
0.140722
0.090823
0.070401
0.079349
0.065141
0.111524
0.093237
0.069770
0.076624
0.112245
0.087165
0.083057
0.058668
0.074520
0.087987
0.073408
0.076654
0.073918
0.069821
0.067175
0.074620
0.076043
0.107326
0.114460
0.101745
10.409825
0.089760
0.096744
0.090572
0.110772
0.093167
0.096604
0.093929
0.099620
0.107806
0.144460
0.079590
0.061283
0.080973
0.067515
0.092906
1.130822
0.153568
0.098007
0.089930
0.093919
0.087596
0.094780
0.098809
0.096394
0.089079
0.126624
0.119831
0.102907
0.114190
0.117256
0.100502
0.098939
0.131913
0.129368
0.102956
0.123507
0.105641
0.113858
0.086452
0.078317
0.065300
0.080140
0.091493
0.059058
0.061062
0.063677
0.067896
0.073105
0.065491
0.061944
0.084899
0.090961
0.091543
0.118387
0.089168
0.101854
0.097073
0.089148
0.093316
0.088186
0.092495
0.088787
0.090962
0.093096
0.097664
0.088297
0.085551
0.097886
0.092284
0.088888
0.133977
0.109087
0.119088
0.101403
0.091042
0.088086
0.090831
0.101302
0.084829
0.082976
0.099038
0.084989
0.085711
0.092494
0.105791
0.079339
0.092354
0.078537
0.103166
0.085039
0.113055
0.096934
0.101332
0.104980
0.103877
0.108256
0.100630
0.097325
0.114909
0.099299
0.104148
0.082705
0.106382
0.105701
0.500088
0.101613
0.100271
0.103476
0.105902
0.098015
0.093697
0.103998
0.114098
0.117304
0.104228
0.103547
0.098797
0.115831
0.102304
0.105831
0.117936
0.109809
0.119478
0.113146
0.109248
0.108317
0.102645
0.108427
0.135641
0.096973
0.121613
0.107464
0.113045
0.113146
0.107304
0.111912
0.113144
0.117182
0.103665
0.115769
0.104948
0.114968
0.129807
0.109477
0.102474
0.111100
0.103024
0.109006
0.128505
0.112524
0.093416
0.137734
0.111722
0.107493
0.117102
0.111532
0.112693
0.111651
0.113776
0.102683
0.126621
0.117093
0.109047
0.113054
0.138514
0.115609
0.124887
0.128234
0.094026
0.105088
0.106020
0.113004
0.114698
0.099267
0.097564
0.102303
0.101651
0.110760
0.093025
0.125208
0.097183
0.102283
0.107313
0.108987
0.103886
0.104567
0.106872
0.105419
0.112684
0.107052
0.114207
0.103235
0.103014
0.123455
0.091962
0.110769
0.095499
0.101631
0.107333
0.103135
0.115169
9.135607
0.107262
0.107964
0.109306
0.093435
0.096992
0.099868
0.097874
0.093546
0.099678
0.101661
0.091281
0.096712
0.095510
0.103896
0.094728
0.125800
0.130830
0.105920
0.101060
0.138725
0.095569
0.115119
0.111802
0.136751
0.106191
0.104898
0.102974
0.099948
0.099377
0.115189
0.112854
0.097262
0.100849
0.109306
0.101860
0.102422
0.108804
0.113955
0.089637
0.107662
0.099567
0.113022
0.099957
0.082854
0.092082
0.111370
0.104386
0.087051
0.115097
0.122752
0.113734
0.099807
0.122571
0.112271
0.105418
0.106971
0.106249
0.135988
0.101641
0.106750
0.092602
0.117081
0.116700
0.099676
0.112632
0.106029
0.128353
0.092823
0.118273
0.126840
0.100548
0.097743
0.118033
0.106450
0.099446
0.099265
0.104365
0.124525
0.098153
0.113203
0.095388
0.104526
0.104646
0.100568
0.118033
0.101901
0.105638
0.108975
0.101721
0.097462
0.105047
0.112381
0.095508
0.101790
0.095939
0.140577
0.112953
0.126339
0.101450
0.109506
0.159064
0.084666
0.087983
0.071691
0.075358
0.082964
0.077353
0.082062
0.112362
0.075008
0.075699
0.085388
0.089056
0.085479
0.073956
0.065499
0.067964
0.073024
0.070709
0.082623
0.138381
0.102310
0.128031
0.105557
0.098453
0.107361
0.097251
0.104796
0.096589
0.109233
0.093453
0.103032
0.097221
0.098603
0.098993
0.122750
0.096018
0.139964
0.138110
0.106549
0.101869
0.121899
0.097531
0.111839
0.102030
0.104455
0.111238
0.137570
0.101007
0.143331
0.144122
0.099545
0.120366
0.105717
0.154562
0.119614
0.139453
0.106588
0.091930
0.110777
0.101649
0.111369
0.106288
0.097882
0.097241
0.137369
0.109334
0.108473
0.118482
0.135065
0.111899
0.106107
0.111849
0.105937
0.118933
0.106919
0.110907
0.111208
0.132640
0.119614
0.113272
0.109495
0.116248
0.113182
0.109915
10.380272
0.106649
0.113532
0.136287
0.104856
0.103964
0.136587
0.129894
0.122981
0.104946
0.130155
0.107079
0.108973
0.119464
0.093153
0.106258
0.098913
0.103132
0.096620
0.081980
0.072813
0.060208
0.062853
0.092150
0.073042
0.106728
0.117028
0.106758
0.094644
0.082981
0.078302
0.095566
0.118842
0.102530
0.138960
0.131626
0.105455
0.094574
0.127589
0.112880
0.112078
0.105576
0.114713
0.118069
0.107660
0.097731
0.085336
0.080055
0.084885
0.092079
0.090426
0.091007
0.150083
0.144071
0.123941
0.105195
0.093662
0.124813
0.076990
0.094504
0.128019
0.111958
0.116316
0.120635
0.075778
0.084093
0.084104
0.092821
0.086328
0.092039
0.116677
0.087700
0.075778
0.078733
0.079154
0.063514
0.077691
0.064726
0.129943
0.080186
0.080427
0.067100
0.078734
0.085125
0.109393
0.063304
0.076519
0.061210
0.079915
0.126306
0.106216
0.091107
0.070377
0.113481
0.126296
0.071249
0.081820
0.095466
0.086569
0.083222
0.092069
0.088272
0.090596
0.099083
0.110334
0.081709
0.123540
0.084635
0.132057
0.088201
0.094774
0.079435
0.091789
0.067882
0.076158
0.082360
0.067681
0.088512
0.067502
0.073052
0.067632
0.062592
0.077190
0.072822
0.076418
0.093521
0.077650
0.077520
0.078332
0.068242
0.064435
0.077289
0.084263
0.062071
0.072150
0.069896
0.066929
0.091377
0.084994
0.071378
0.076348
0.078612
0.079374
0.077360
0.085205
0.059906
0.076899
0.066449
0.075365
0.083882
0.076488
0.074624
0.081628
0.085736
0.075476
0.063503
0.081909
0.079314
0.075827
0.089052
0.100865
0.072661
0.082610
0.074584
0.110263
0.105244
0.101988
0.111836
0.105745
0.140702
0.163356
0.109312
0.120484
0.252499
0.094022
0.070026
0.091447
0.099894
0.071970
0.095996
0.078081
0.070035
0.079464
0.094944
0.089954
0.072100
0.080576
0.078672
0.091327
0.086948
0.099513
0.088672
0.112077
0.089253
0.089453
0.086357
0.078462
0.086647
0.085685
0.086878
0.072400
0.087319
0.082069
0.082500
0.077741
0.085485
0.085065
0.070857
0.084113
0.072170
0.065186
0.069054
0.064204
0.072290
0.063192
10.365796
0.064735
0.073493
0.079954
0.062130
0.066919
0.064945
0.071318
0.088241
0.066669
0.078462
0.085195
0.087289
0.083752
0.083321
0.071228
0.064445
0.089273
0.097128
0.085005
0.099713
0.078693
0.074274
0.099302
0.094854
0.090535
0.091777
0.064224
0.064846
0.063011
0.082128
0.089853
0.084222
0.084623
0.087359
0.087177
0.084011
0.086166
0.080585
0.081707
0.088120
0.077139
0.086056
0.089232
0.078812
0.085344
0.079012
0.085204
0.081016
0.092027
0.077670
0.063492
0.094732
0.069354
0.073892
0.060496
0.086667
0.076317
0.062551
0.073331
0.055306
0.064865
0.063632
0.083921
0.055937
0.068943
0.086206
0.065446
0.080004
0.062701
0.080335
0.072811
0.082579
0.077890
0.072920
0.078040
0.065736
0.078180
0.063622
0.085524
0.056809
0.074633
0.062320
0.080255
0.087248
0.073581
0.076637
0.075395
0.065346
0.074724
0.067360
0.094351
0.075155
0.066779
0.065756
0.067419
0.055177
0.085194
0.078260
0.062760
0.070205
0.065056
0.066467
0.063492
0.077710
0.069123
0.084312
0.062120
0.069574
0.078932
0.075155
0.063863
0.070285
0.081857
0.056800
0.077459
0.071147
0.067370
0.071708
0.066818
0.083891
0.091226
0.082369
0.084062
0.082619
0.116243
0.071067
0.068441
0.077759
0.066307
0.076095
0.075685
0.084552
0.065365
0.130590
0.066598
0.070445
0.071096
0.068121
0.065926
0.087417
0.078120
0.100723
0.086365
0.078380
0.083560
0.079262
0.082698
0.082758
0.095673
0.074042
0.075985
0.076346
0.080023
0.081847
0.079342
0.085383
0.095373
0.124748
0.080334
0.081335
0.074482
0.088199
0.074933
0.093309
0.079341
0.097366
0.058492
0.102236
0.083640
0.151049
0.067600
0.084682
0.055085
0.069583
0.064914
0.087658
0.088420
0.065074
0.071847
0.074903
0.061247
0.062871
0.070004
0.080675
0.093750
0.064834
0.084903
0.091264
0.064373
0.062430
0.084262
0.069252
0.066558
0.085624
0.065315
0.079372
0.066618
0.071236
0.065345
0.069573
0.063141
0.081196
0.068170
0.074773
0.067379
0.079602
0.065986
0.076667
0.069994
0.076046
0.079893
10.354833
0.107606
0.107266
0.133456
0.086445
0.107586
0.133004
0.092347
0.130670
0.105793
0.112385
0.099921
0.118096
0.083379
0.100823
0.081055
0.167991
0.100843
0.134608
0.104339
0.118526
0.106513
0.102916
0.105391
0.109117
0.097085
0.089430
0.088779
0.108656
0.087737
0.081585
0.107806
0.095121
0.092917
0.102576
0.096654
0.096965
0.102756
0.095181
0.098467
0.088509
0.095051
0.096003
0.102115
0.093959
0.132091
0.089861
0.087256
0.095331
0.088579
0.092386
0.096894
0.103507
0.089611
0.094209
0.090883
0.094250
0.091444
0.089280
0.109088
0.096974
0.109689
0.107204
0.091765
0.092486
0.129276
0.084941
0.132122
0.091895
0.117854
0.099359
0.089120
0.088539
0.086194
0.087286
0.092456
0.091845
0.087376
0.100531
0.084852
0.084280
0.095822
0.089099
0.100241
0.095662
0.095391
0.107896
0.108015
0.110530
0.110120
0.112354
0.111101
0.107745
0.101914
0.103056
0.085853
0.115179
0.101904
0.101853
0.104539
0.097035
0.113195
0.092246
0.078249
0.084130
0.063861
0.073159
0.083218
0.072908
0.084371
0.095482
0.067939
0.096423
0.069042
0.091755
0.064172
0.056087
0.064573
0.072919
0.090522
0.086474
0.077908
0.088578
0.095902
0.077397
0.074692
0.081676
0.069663
0.061157
0.095683
0.074492
0.069693
0.084010
0.094630
0.077668
0.082887
0.074772
0.074211
0.068520
0.084810
0.075453
0.077587
0.078960
0.073700
0.079430
0.063680
0.067528
0.106983
0.080272
0.080492
0.092696
0.087887
0.090190
0.082607
0.086764
0.088538
0.081745
0.082386
0.100170
0.088007
0.060444
0.081555
0.086815
0.089119
0.099528
0.068259
0.104107
0.062408
0.083268
0.099228
0.082316
0.081555
0.091203
0.088938
0.078578
0.091804
0.082646
0.082496
0.059072
0.089850
0.102965
0.069091
0.080503
0.061006
0.085151
0.079782
0.070123
0.075383
0.089961
0.083058
0.071616
0.060444
0.079541
0.071676
0.093878
0.086745
0.086063
0.076555
0.087916
0.086203
0.090993
0.077968
0.088387
0.108906
0.060936
0.064933
0.071515
0.062819
0.061737
0.069351
0.066366
0.090271
0.085542
0.061396
0.068019
0.066616
0.087686
0.071025
0.079671
0.076274
0.077447
0.087606
0.084600
0.091423
0.088758
0.093958
0.096082
0.100189
0.091122
0.103837
0.096603
0.148311
0.091153
0.126129
0.090351
0.085101
0.089860
10.453971
0.092195
0.091383
0.094349
0.085432
0.085823
0.097545
0.083378
0.085021
0.074732
0.080693
0.057840
0.064442
0.082026
0.093888
0.074521
0.081614
0.078910
0.077747
0.068299
0.080152
0.079481
0.092656
0.072808
0.067157
0.078779
0.099788
0.103094
0.096011
0.093476
0.061676
0.119846
0.077717
0.083488
0.097363
0.105559
0.097504
0.098666
0.109917
0.092945
0.106701
0.083828
0.069571
0.068249
0.085531
0.102333
0.110698
0.078187
0.088397
0.088247
0.077126
0.086964
0.103685
0.075332
0.087796
0.093777
0.086443
0.075081
0.070412
0.103115
0.079410
0.092485
0.111310
0.064672
0.084349
0.071705
0.094197
0.114966
0.067517
0.082035
0.064732
0.075152
0.064662
0.097805
0.068359
0.088166
0.062447
0.087745
0.089088
0.080933
0.079259
0.079440
0.099548
0.064982
0.084750
0.065232
0.131398
0.101391
0.078638
0.127410
0.104928
0.108585
0.115909
0.100820
0.123823
0.099006
0.110949
0.111760
0.126518
0.116479
0.131678
0.102664
0.108424
0.111440
0.116279
0.120066
0.102784
0.081284
0.092555
0.092906
0.269398
0.109056
0.086253
0.085150
0.089288
0.106470
0.071445
0.081403
0.069742
0.106400
0.087234
0.105498
0.080232
0.067127
0.085782
0.096621
0.079870
0.089658
0.067596
0.078638
0.077756
0.068759
0.110617
0.107261
0.107491
0.104456
0.104326
0.103273
0.101470
0.104165
0.119755
0.097613
0.098114
0.118532
0.100178
0.106540
0.108583
0.098655
0.096141
0.141866
0.100158
0.103294
0.130946
0.104586
0.113302
0.092844
0.092373
0.092884
0.128141
0.119083
0.104035
0.074009
0.066054
0.068509
0.056947
0.092293
0.059522
0.073818
0.064922
0.114415
0.115968
0.106550
0.087023
0.090701
0.082624
0.088416
0.082464
0.102793
0.104987
0.105638
0.098886
0.107822
0.105798
1.180824
0.091422
0.080090
0.066645
0.083857
0.067647
0.081693
0.059852
0.077896
0.080511
0.074359
0.082615
0.059622
0.082915
0.106720
0.066795
0.083827
0.065212
0.073218
0.067347
0.067867
0.067106
0.070051
0.062276
0.112561
0.064711
0.095149
0.080150
0.080531
0.066625
0.057658
0.085400
0.093514
0.063709
0.113141
0.112319
0.085970
0.209440
0.074448
0.073828
0.081573
0.064711
0.103804
0.099626
0.087123
0.067867
0.085149
0.089877
0.079748
0.074589
0.096069
0.082645
0.103212
0.078396
0.091220
0.097001
0.082834
0.108923
0.175788
0.118571
0.118100
0.099486
0.107049
0.108642
0.080771
0.095358
0.064430
0.078757
0.061204
0.068538
0.062576
0.070952
0.074238
0.081051
0.060272
0.084878
0.066855
0.086501
0.065863
0.068638
0.078927
0.060453
0.068218
0.112760
0.085830
0.074239
0.076673
0.080530
0.091141
0.100298
0.087814
0.085049
0.092051
0.068528
0.092803
0.070402
0.077936
0.070853
0.084798
0.092553
0.090950
0.091331
0.088605
0.084708
0.082754
0.091501
0.104435
0.091090
0.093785
0.102952
0.097793
0.095077
0.110356
0.106980
0.134391
0.108803
0.096310
0.104385
10.675793
0.086762
0.078356
0.074479
0.088626
0.118932
0.084227
0.082163
0.083275
0.095849
0.096220
0.087463
0.077424
0.092382
0.088645
0.095257
0.106207
0.212945
0.070601
0.089356
0.109854
0.167380
0.129480
0.144378
0.131715
0.101418
0.163824
0.078656
0.089837
0.073065
0.110605
0.094345
0.073115
0.094847
0.082844
0.109303
0.099975
0.080229
0.129331
0.078877
0.130983
0.081301
0.090127
0.090808
0.098544
0.086090
0.079948
0.093043
0.076572
0.104965
0.088424
0.066283
0.069119
0.092892
0.072415
0.076052
0.058358
0.068638
0.135361
0.068016
0.068076
0.078766
0.081942
0.088254
0.085178
0.085860
0.085859
0.075480
0.078656
0.072475
0.073857
0.089587
0.080820
0.071773
0.088345
0.090127
0.077724
0.068858
0.079127
0.073026
0.136513
0.095417
0.074028
0.085709
0.084136
0.083275
0.077885
0.092762
0.075560
0.088384
0.103172
0.074709
0.064881
0.077675
0.075781
0.074899
0.087152
0.081912
0.090788
0.079858
0.081702
0.085900
0.081181
0.078566
0.083215
0.079898
0.072785
0.079788
0.071653
0.074448
0.063708
0.084016
0.085749
0.082293
0.080930
9.749530
0.067566
0.058629
0.066253
0.074849
0.078816
0.091500
0.088043
0.089426
0.076412
0.090588
0.094956
0.093474
0.081822
0.090538
0.073537
0.085629
0.096308
0.084185
0.090037
0.089847
0.085999
0.112328
0.091640
0.096789
0.085588
0.134910
0.069478
0.095206
0.151160
0.088644
0.082864
0.087071
0.093944
0.076913
0.095056
0.097590
0.076542
0.081370
0.084166
0.077494
0.073786
0.077834
0.091569
0.069309
0.062125
0.067695
0.086370
0.111045
0.090106
0.095196
0.089896
0.108661
0.093833
0.087682
0.088944
0.080639
0.078115
0.082954
0.078164
0.076031
0.091900
0.089496
0.109272
0.083735
0.097210
0.084617
0.081371
0.081661
0.085959
0.105635
0.072213
0.101317
0.090147
0.078665
0.099564
0.079487
0.079427
0.102740
0.082793
0.093793
0.083865
0.080018
0.083975
0.081761
0.087212
0.073095
0.079236
0.076822
0.116195
0.066413
0.113049
0.083575
0.078485
0.068897
0.082303
0.077092
0.091880
0.067164
0.071312
0.066773
0.080980
0.064248
0.090477
0.062655
0.077323
0.060562
0.069629
0.060642
0.067244
0.058177
0.077523
0.059560
0.076691
0.083294
0.068277
10.289284
0.068246
0.067144
0.087893
0.066553
0.065230
0.062445
0.072304
0.066443
0.075520
0.091248
0.069699
0.070751
0.083694
0.061052
0.074867
0.062184
0.073365
0.075299
0.074356
0.086249
0.067154
0.065531
0.077863
0.066442
0.067955
0.057726
0.085237
0.062816
0.074607
0.073987
0.056114
0.060471
0.069157
0.057005
0.064068
0.065791
0.086039
0.069258
0.060110
0.083123
0.063457
0.075329
0.077382
0.076140
0.072644
0.080127
0.082462
0.077964
0.058929
0.061744
0.076511
0.083603
0.075088
0.077162
0.083173
0.080388
0.076060
0.077373
0.075769
0.078224
0.077282
0.073636
0.076440
0.079085
0.080027
0.078474
0.076150
0.077723
0.073655
0.072524
0.097158
0.079767
0.072784
0.076410
0.076971
0.079547
0.071802
0.078795
0.078484
0.081540
0.073375
0.111345
0.093623
0.063697
0.073846
0.058969
0.067864
0.113238
0.103260
0.100385
0.089284
0.096478
0.085657
0.095495
0.091859
0.089946
0.093251
0.090317
0.101827
0.083494
0.082993
0.090567
0.090357
0.091248
0.093632
0.086709
0.083334
0.090286
0.083153
0.086860
0.084926
0.102429
0.092471
0.105003
0.089354
0.088493
9.033087
0.106396
0.111145
0.093132
0.102259
0.092951
0.083383
0.083544
0.087280
0.091258
0.091870
0.096968
0.096308
0.106186
0.088933
0.104612
0.086468
0.091327
0.088142
0.093572
0.101155
0.110833
0.091087
0.091097
0.092008
0.096687
0.101976
0.098321
0.092540
0.169050
0.087430
0.125590
0.091548
0.105223
0.086218
0.091357
0.088472
0.094313
0.117556
0.090486
0.093060
0.085717
0.088172
0.089373
0.116203
0.088212
0.084044
0.095605
0.091237
0.097739
0.092189
0.099061
0.102648
0.092008
0.104913
0.099212
0.099782
0.094222
0.101606
0.097249
0.107607
0.100073
0.098010
0.095154
0.097679
0.088792
0.094563
0.099863
0.089975
0.102258
0.093452
0.101456
0.099623
0.092229
0.100304
0.098490
0.087049
0.083543
0.110532
0.090646
0.094693
0.098761
0.089404
0.089394
0.085437
0.097889
0.094152
0.096096
0.095866
0.090236
0.081149
0.085477
0.122605
0.087530
0.070550
0.069658
0.077121
0.088181
0.079846
0.092790
0.074737
0.072052
0.068987
0.090596
0.082571
0.087550
0.079095
0.085967
0.086949
0.074467
0.106054
0.081459
0.082963
0.076010
0.078113
0.078714
0.077011
0.068716
0.075408
0.079185
0.092349
0.065360
0.211617
0.059168
0.063065
0.079035
0.076450
0.059580
0.079736
0.080237
10.626175
0.081449
0.081559
0.074938
0.079726
0.074737
0.081419
0.081770
0.071842
0.075679
0.075608
0.076611
0.073124
0.082311
0.080618
0.085125
0.079044
0.089353
0.079475
0.093220
0.080156
0.078052
0.085126
0.098700
0.095644
0.083953
0.080598
0.081820
0.087650
0.074406
0.076350
0.089333
0.068475
0.087510
0.088051
0.061432
0.074176
0.084594
0.059218
0.069196
0.072723
0.074997
0.067002
0.090114
0.078213
0.068535
0.083021
0.086087
0.093250
0.064397
0.070669
0.063306
0.080146
0.079114
0.077431
0.068855
0.068375
0.058647
0.085576
0.054349
0.079716
0.076619
0.067564
0.057304
0.078273
0.074466
0.057114
0.081549
0.078694
0.060240
0.073054
0.107255
0.116913
0.070359
0.073333
0.069547
0.065309
0.073484
0.064348
0.102277
0.059078
0.088251
0.070629
0.070759
0.098169
0.063476
0.113107
0.061693
0.083012
0.060521
0.082230
0.077642
0.067694
0.059860
0.071982
0.068495
0.092108
0.055672
0.081408
0.061553
0.066761
0.061252
0.090816
0.144193
0.109631
0.095785
0.098760
0.092930
0.098760
0.108328
0.096446
0.105653
0.096376
0.097527
0.097547
0.094411
0.102045
0.099932
0.115570
0.089243
0.120489
0.100062
0.118415
0.112294
0.108106
0.108457
0.114969
0.100302
0.107966
0.106454
0.100673
0.093660
0.101154
0.093731
0.142559
0.133803
0.105341
0.111843
0.111002
0.105361
0.111773
0.113156
0.098348
0.113727
0.139283
0.097838
0.105332
0.119568
0.101104
0.121251
0.091977
0.114479
0.100042
0.138512
0.103638
0.118595
0.103889
0.103328
0.132671
0.140175
0.099080
0.104259
0.097187
0.126630
0.103187
0.157245
0.104580
0.111132
0.092679
0.112835
0.164139
0.139703
0.104570
0.115630
0.097257
0.106354
0.097998
0.109038
0.104860
0.131238
0.122122
0.100482
0.098469
0.142680
0.105262
0.118024
0.099551
0.115730
0.103218
0.148981
0.110742
0.108166
0.110381
0.107475
0.117454
0.106323
0.100223
0.113496
10.480499
0.101375
0.108958
0.117203
0.118696
0.114539
0.116532
0.099711
0.119776
0.106664
0.116601
0.112253
0.116160
0.130436
0.095333
0.130506
0.137800
0.103066
0.103027
0.134243
0.099460
0.148469
0.160701
0.100772
0.122462
0.100021
0.113145
0.100271
0.114688
0.105872
0.112083
0.120078
0.105491
0.100893
0.090204
0.118414
0.108106
0.104520
0.105371
0.120148
0.112123
0.109068
0.099550
0.131147
0.111603
0.122121
0.104950
0.113185
0.104479
0.142888
0.127551
0.101945
0.109318
0.117984
0.113255
0.108596
0.117212
0.127300
0.097236
0.109579
0.115159
0.120729
0.122753
0.134053
0.127841
0.115419
0.116030
0.118114
0.111773
0.131027
0.123594
0.100873
0.109889
0.112854
0.108045
0.106112
0.110099
0.121981
0.118284
0.117312
0.110100
0.114237
0.105210
0.113566
0.109008
0.110149
0.118454
0.100451
0.109428
0.136938
0.121740
0.116320
0.104088
0.123263
0.106983
0.103386
0.119866
0.135995
0.107824
0.104008
0.111210
0.105670
0.108566
0.103307
0.101503
0.099619
0.108696
0.102195
0.097656
0.165548
0.100952
0.110189
0.106622
0.104208
0.102665
0.105180
0.106091
0.096194
0.115428
0.100301
0.123342
0.101103
0.100582
0.103266
0.099119
0.105541
0.103888
0.104708
0.121048
0.094831
0.100271
0.100301
0.115338
0.100291
0.115388
0.103918
0.118003
0.107814
0.113585
0.104127
0.130275
0.119365
0.127389
0.109367
0.111832
0.105520
0.111241
0.124394
0.123522
0.118082
0.195984
0.092196
0.106712
0.121389
0.094871
0.084082
0.115118
0.085784
0.082499
0.086486
0.114787
0.082589
0.120557
0.094831
0.097606
0.122311
0.095302
0.114727
0.092887
10.439686
0.111020
0.096013
0.108515
0.085624
0.109477
0.092356
0.087267
0.116249
0.092817
0.085804
0.121709
0.095561
0.110969
0.096233
0.094660
0.101753
0.084191
0.088108
0.090222
0.090382
0.086896
0.114025
0.123011
0.095962
0.087237
0.114816
0.093127
0.115237
0.122230
0.100220
0.120036
0.093017
0.140863
0.153065
0.093989
0.094751
0.112582
0.103666
0.103366
0.083690
0.078180
0.091735
0.084341
0.090453
0.085403
0.290963
0.138018
0.075786
0.073192
0.098177
0.077168
0.141374
0.088559
0.075536
0.114185
0.082288
0.082158
0.077519
0.085744
0.102554
0.076567
0.082127
0.070747
0.104998
0.111580
0.102895
0.110939
0.094259
0.132858
0.087017
0.096984
0.072911
0.121638
0.072530
0.112552
0.104618
0.085123
0.114445
0.082408
0.092496
0.119565
0.095562
0.102373
0.098427
0.094691
0.092055
0.122730
0.113875
0.194900
0.295982
0.086034
0.074264
0.076868
0.084592
0.100370
0.131877
0.098387
0.117029
0.094870
0.104888
0.103125
0.136084
0.091333
0.132317
0.101261
0.101853
0.097976
0.094489
0.097334
0.092365
0.091804
0.095170
0.080233
0.084762
0.084271
0.073682
0.079512
0.079062
0.081666
0.076917
0.061510
0.091854
0.089410
0.099728
0.095911
0.104026
0.101111
0.091584
0.088167
0.101061
0.101812
0.146502
0.108014
0.100249
0.100239
0.094890
0.104066
0.085834
0.106190
0.095841
0.095711
0.101542
0.099098
0.101943
0.101492
0.092586
0.099208
0.097114
0.094649
0.103876
0.093107
0.099318
0.095421
0.099678
0.096733
0.092305
0.103516
0.098006
0.099087
0.096934
0.098937
0.092205
0.100169
0.098467
0.109536
0.089280
0.085193
0.094289
0.090733
0.116378
0.117851
0.092876
0.106040
0.094870
0.085223
0.109416
0.083299
0.100690
0.075324
0.072660
0.074924
0.089160
0.089630
0.091354
0.094440
0.094089
0.069755
0.089009
0.076427
0.061070
0.076878
0.086054
0.081917
0.094349
0.110217
0.078230
0.094659
0.082929
0.090973
0.071328
0.084010
0.077388
0.082418
0.084592
0.083740
0.081275
0.109035
0.084822
0.074443
0.077519
0.076297
0.235271
0.076598
0.078911
0.077508
0.076376
0.085663
0.089190
0.088427
0.084711
0.087867
0.092815
0.083198
0.083670
0.083068
0.090291
0.079502
0.075364
0.113212
0.091013
0.087576
0.083659
0.077579
0.087456
0.084671
0.073761
0.085643
0.076897
0.085092
1.152135
0.094809
0.089038
0.080324
0.095360
0.089239
0.083068
0.093777
0.092414
0.076366
0.080613
0.088357
0.073992
0.096622
0.097494
0.086765
0.104546
0.092565
0.071067
0.081746
0.099368
0.081445
0.076977
0.089209
0.087326
0.074694
0.088147
0.087256
0.075585
0.069364
0.086885
0.084160
0.082658
0.094269
0.086434
0.114915
0.101431
0.088047
0.076978
0.074754
0.079582
0.072249
0.089400
0.080634
0.074603
0.086855
0.093317
0.070376
0.094779
0.084120
0.114253
0.076106
0.083909
0.082066
0.105037
0.088678
0.064585
0.079321
0.071417
0.084039
0.074342
0.068873
0.081475
0.090161
0.086004
0.095560
0.095210
0.093187
0.085523
0.096432
0.092906
0.097443
0.092846
0.116047
0.082147
0.111849
0.066308
0.090331
0.094749
0.105649
0.093146
0.090181
0.090341
0.108984
0.067500
0.087006
0.081626
0.095069
0.077288
0.082998
0.065577
0.081655
0.093657
0.071898
0.092935
0.083178
0.094118
0.089870
0.097363
0.059045
0.069053
0.065437
0.091673
0.085292
0.077969
0.090321
0.076997
0.080263
0.067741
0.091593
0.089209
0.098715
0.064395
0.082045
0.090330
0.083208
0.090792
0.087245
0.072980
0.093416
0.094488
0.075223
0.060928
0.063012
0.092754
0.069053
0.072189
0.071927
0.074723
0.101130
0.093155
0.115115
0.098766
0.111658
0.099407
0.095480
0.099767
0.104065
0.095189
0.104015
0.096482
0.096722
0.101551
0.095930
0.101390
0.101931
0.118110
0.087155
0.086344
0.083308
0.082637
0.087376
0.096451
0.096181
0.079682
0.072118
0.077938
0.080844
0.088628
0.082727
0.088728
0.080343
0.092495
0.090080
0.087977
0.080003
0.092213
0.095620
0.087606
0.085042
0.094067
0.086264
0.082026
0.109474
0.080153
0.067140
0.096872
0.075544
0.088788
0.082968
0.073560
0.096691
0.085882
0.079111
0.106228
0.079471
0.088548
0.080152
0.089299
0.081976
0.081475
0.089209
0.091733
0.083859
0.085652
0.085822
0.073902
0.108362
0.100709
0.132055
0.097573
0.112059
0.118761
0.117659
0.115264
0.100679
0.113452
0.131594
0.110727
0.134479
0.096171
0.103353
0.109234
0.095129
0.110687
0.100028
0.112710
0.109314
0.110527
0.095269
0.287822
0.099627
10.417687
0.068842
0.133277
0.065356
0.070435
0.074472
0.081985
0.074773
0.094658
0.085081
0.149886
0.066698
0.068361
0.089749
0.063512
0.091112
0.099436
0.086383
0.091763
0.091432
0.096060
0.091903
0.083218
0.094488
0.107831
0.129459
0.106539
0.094087
0.096551
0.103574
0.088828
0.098174
0.142042
0.112679
0.101520
0.093906
0.103083
0.091142
0.088437
0.091682
0.088627
0.097052
0.092874
0.089549
0.083467
0.094076
0.087425
0.104225
0.085332
0.083759
0.084600
0.087255
0.081375
0.090150
0.091653
0.083338
0.088917
0.085311
0.094096
0.087735
0.107280
0.096521
0.095650
0.082246
0.085512
0.083057
0.087164
0.094748
0.093055
0.092093
0.098705
0.084550
0.089588
0.083679
0.136742
0.085731
0.085912
0.085120
0.088006
0.083297
0.096190
0.087274
0.093626
0.084370
0.093305
0.088887
0.095089
0.094528
0.099776
0.092494
0.084450
0.083348
0.095329
0.094628
0.084640
0.096721
0.088647
0.094047
0.083067
0.099978
0.093185
0.108041
0.080763
0.103333
0.083558
0.081805
0.105897
0.092143
0.083718
0.089339
0.092855
0.095159
0.090791
0.091422
0.095740
0.089519
0.090561
0.090060
0.090099
0.084690
0.085211
0.097994
0.117999
0.105016
0.099366
0.090060
0.091482
9.242312
0.095960
0.089828
0.097943
0.093996
0.084870
0.084109
0.084349
0.100738
0.096230
0.090280
0.097182
0.105346
0.086934
0.088937
0.094668
0.094517
0.093856
0.090019
0.094797
0.084559
0.098654
0.089649
0.078518
0.085571
0.089608
0.091592
0.079501
0.080622
0.084850
0.092343
0.084819
0.079731
0.084650
0.092714
0.090390
0.106058
0.092534
0.090249
0.088757
0.081805
0.089458
0.079791
0.092593
0.075834
0.084159
0.086924
0.089157
0.085671
0.099315
0.087916
0.087244
0.092643
0.077617
0.091011
0.077887
0.085581
0.088055
0.092884
0.076936
0.076746
0.082916
0.077016
0.077597
0.084228
0.085200
0.077297
0.080011
0.084339
0.088617
0.088807
0.091491
0.101459
0.087705
0.147030
0.092153
0.098063
0.104294
0.113090
0.101870
0.124350
0.097272
0.103322
0.094567
0.094487
0.096561
0.126453
0.090740
0.094858
0.092043
0.106819
0.093516
0.117618
0.090670
0.106518
0.096811
0.096630
0.091371
0.091592
0.093285
0.099536
0.109002
0.095458
0.096100
0.095810
0.092162
0.109082
0.121465
0.091852
0.102521
0.128267
0.096100
0.108111
0.108792
0.087274
0.122155
0.102010
0.098543
0.137432
0.132333
0.111617
0.120803
0.102571
0.088646
0.098013
0.086112
0.095358
0.086442
0.093264
0.087804
0.096189
0.096189
0.102701
0.092383
0.089918
0.093745
0.092843
0.104313
0.092463
0.107179
0.116114
0.122195
0.101980
0.093274
0.090359
0.102721
0.088266
0.097040
0.095658
0.105475
0.089508
0.107559
0.114752
0.099805
0.118198
0.096841
0.107158
0.113890
0.094046
0.084389
0.088536
0.093564
0.121493
0.095829
0.130721
0.099876
0.104363
0.096991
0.103392
0.134276
0.106247
0.097702
0.117277
0.114111
0.123367
0.097452
0.088516
0.096249
0.098393
0.095278
0.121514
0.078348
0.097441
0.089497
0.080151
0.080382
0.089488
0.078117
0.090569
0.099225
0.072358
0.070434
0.082605
0.081624
0.093595
0.083187
0.099906
0.068972
0.096951
0.083547
0.098874
0.065075
0.069001
0.087434
0.096280
0.096430
0.090229
0.101669
0.090239
0.073320
0.107248
0.082866
0.094106
0.090369
0.088175
0.082956
0.076806
0.083897
0.088055
0.083658
0.082926
0.090850
0.109643
0.097662
0.090259
0.091010
0.098343
0.081032
0.716548
0.065965
0.088506
0.061768
0.146136
0.110674
0.091991
0.070874
0.063972
0.080061
0.069081
0.078618
0.064463
0.086792
0.066257
0.071085
0.065885
0.087113
0.069071
0.110314
0.080722
0.064764
0.080881
0.060667
0.067419
0.059986
0.116053
0.061238
0.087835
0.060235
0.094526
0.083837
0.084979
0.064022
0.086893
0.079951
0.099405
0.060947
0.093053
0.077847
0.090108
0.079670
0.085330
0.062199
0.097711
0.090919
0.077186
0.085870
0.096089
0.074851
0.076354
0.072217
0.167904
0.083948
0.059545
0.082344
0.092242
0.090869
0.088536
0.100376
0.087413
0.086311
0.087223
0.092161
0.080742
0.080852
0.093805
0.078979
0.096199
0.092112
0.075312
0.218454
0.077026
0.104634
0.103451
0.103100
0.127013
0.101498
0.069251
0.090088
0.078658
0.078838
0.069452
0.075252
0.065866
0.067909
0.081152
0.060456
0.085120
0.074942
0.075352
0.068711
0.065986
0.075402
0.062219
0.081773
0.073659
0.065034
0.115993
10.512561
0.080270
0.085941
0.083166
0.111235
0.135928
0.137410
0.103131
0.102059
0.149362
0.115442
0.129316
0.105805
0.100716
0.103691
0.112587
0.104133
0.097410
0.113038
0.108170
0.118607
0.104763
0.110483
0.100746
0.139514
0.109883
0.117465
0.160831
0.175417
0.157826
0.120120
0.116794
0.104012
0.111926
0.133363
0.135737
0.099544
0.102169
0.111936
0.103752
0.107609
0.103531
0.109662
0.104553
0.099594
0.140466
0.103882
0.094155
0.136028
0.099684
0.114811
0.113579
0.110423
0.078648
0.106175
0.080000
0.095026
0.185825
0.103341
0.103290
0.106937
0.092271
0.078176
0.090028
0.072967
0.092612
0.109011
0.084738
0.084538
0.107368
0.100686
0.173173
0.113579
0.104853
0.084658
0.090428
0.076153
0.067789
0.076424
0.093684
0.089386
0.117726
0.089978
0.077956
0.079929
0.082524
0.070553
0.076544
0.075442
0.063892
0.081542
0.084558
0.072376
0.094926
0.079899
0.093223
0.078227
0.090539
0.083226
0.082073
0.082004
0.073919
0.087403
0.082464
0.075041
9.840655
0.062729
0.087713
0.084788
0.121492
0.074189
0.088795
0.081963
0.077545
0.080891
0.076313
0.068469
0.068850
0.082404
0.083326
0.073348
0.091450
0.072216
0.077916
0.074430
0.077185
0.072296
0.082103
0.081302
0.080982
0.095857
0.080550
0.073839
0.076223
0.076413
0.079459
0.070142
0.076924
0.069882
0.076674
0.080731
0.076554
0.081352
0.074850
0.068660
0.113368
0.075191
0.109301
0.080361
0.095807
0.070262
0.076103
0.088815
0.147036
0.103971
0.084037
0.114210
0.098612
0.106276
0.105324
0.143570
0.127943
0.105394
0.114751
0.109050
0.120249
0.115020
0.100255
0.109511
0.102579
0.095657
0.109231
0.125469
0.101998
0.134314
0.095166
0.119008
0.100214
0.121642
0.103891
0.099273
0.086591
0.084928
0.089596
0.089597
0.088103
0.094945
0.087953
0.059514
0.101658
0.080050
0.073699
0.074510
0.110553
0.110543
0.118947
0.099895
0.101998
0.095677
0.100476
0.094284
0.104772
0.108669
0.094364
0.106165
0.119739
0.105514
0.101877
0.120510
0.111504
0.103450
0.103842
0.105354
0.121913
0.097850
0.096258
0.100034
0.104141
0.102127
0.116412
0.115842
10.494183
0.071945
0.096177
0.076633
0.073067
0.076022
0.068579
0.080230
0.082925
0.077295
0.076052
0.081432
0.079137
0.069271
0.081462
0.076032
0.081211
0.076503
0.073698
0.075492
0.077044
0.087322
0.078968
0.078246
0.081842
0.079559
0.106496
0.069090
0.086600
0.087552
0.078727
0.088193
0.088504
0.084507
0.082504
0.078536
0.084076
0.086450
0.086540
0.094594
0.070092
0.063340
0.073909
0.065433
0.089646
0.060776
0.086822
0.070573
0.084447
0.073728
0.062919
0.078737
0.068570
0.079448
0.061798
0.094805
0.063300
0.077765
0.075171
0.060355
0.090378
0.082834
0.088714
0.083264
0.074199
0.085329
0.089175
0.101977
0.071774
0.083014
0.070552
0.080610
0.079619
0.064462
0.075521
0.079839
0.074811
0.076473
0.085809
0.091889
0.081442
0.099663
0.075071
0.060575
0.084267
0.089847
0.093763
0.094113
0.085919
0.095386
0.115821
0.089947
0.086811
0.087672
0.086981
0.096729
0.086801
0.097058
0.111955
0.090667
0.087883
0.099924
0.088154
0.083786
0.089135
0.081702
0.091990
0.089335
0.086020
0.084066
0.104692
0.095055
0.096528
0.086490
0.092300
0.089284
0.090297
0.087853
0.089556
0.091529
9.269478
0.087953
0.062178
0.143729
0.088664
0.097980
0.091198
0.074039
0.060695
0.075841
0.085729
0.073267
0.085838
0.099282
0.108468
0.125638
0.098400
0.102998
0.098501
0.106535
0.098181
0.110632
0.112966
0.105413
0.104320
0.100755
0.105854
0.111794
0.105593
0.107676
0.099021
0.107496
0.103430
0.100735
0.112295
0.094013
0.104501
0.101406
0.095506
0.104231
0.102778
0.099723
0.110091
0.134092
0.124295
0.106825
0.111653
0.129765
0.102197
0.089495
0.102427
0.141646
0.113677
0.095195
0.115180
0.102467
0.134122
0.102387
0.109750
0.108899
0.107377
0.117043
0.153026
0.114278
0.102718
0.107887
0.103529
0.115249
0.112084
0.112926
0.106525
0.114478
0.112024
0.108929
0.103339
0.115411
0.099363
0.115801
0.113507
0.113868
0.121210
0.076562
0.071264
0.066946
0.068208
0.099973
0.113737
0.112635
0.105302
0.105243
0.124546
0.103520
0.108909
0.090747
0.099362
0.088072
0.080850
0.096086
0.091027
0.116060
0.077314
10.513217
0.107877
0.087191
0.087071
0.083474
0.103790
0.106865
0.105593
0.106535
0.101716
0.112975
1.177336
0.103449
0.104391
0.103800
0.105753
0.110831
0.107716
0.107627
0.112144
0.108998
0.095515
0.104731
0.122031
0.096006
0.108177
0.103148
0.126528
0.099452
0.110011
0.104551
0.110171
0.102677
0.117985
0.107296
0.114498
0.106854
0.102547
0.099031
0.113957
0.113647
0.109219
0.105653
0.113706
0.100494
0.105823
0.112164
0.112645
0.187204
0.106955
0.104882
0.113316
0.105924
0.100483
0.128943
0.091829
0.103028
0.110762
0.105353
0.091699
0.090817
0.085277
0.112435
0.094213
0.086069
0.088723
0.095645
0.090767
0.096277
0.103039
0.099412
0.099753
0.090406
0.095235
0.097479
0.099102
0.101866
0.098480
0.095645
0.087451
0.110371
0.093021
0.093211
0.102016
0.091829
0.100263
0.094904
0.088123
0.092660
0.085969
0.092220
0.084366
0.094844
0.112655
0.096256
0.087531
0.086790
0.095535
0.095585
0.092911
0.103970
0.085308
0.110190
0.087341
0.085988
0.101646
0.088413
0.094423
0.096085
0.093151
0.090285
0.105192
0.104680
8.977830
0.112424
0.115389
0.097167
0.095024
0.099251
0.101004
0.087722
0.097878
0.093351
0.103809
0.093691
0.101926
0.094954
0.093671
0.096857
0.093271
0.099411
0.091778
0.103900
0.099332
0.097238
0.091208
0.094413
0.090477
0.098951
0.088072
0.086619
0.087842
0.085518
0.085878
0.103118
0.092589
0.088032
0.089605
0.089515
0.085337
0.088953
0.083655
0.083294
0.089555
0.086039
0.090817
0.093932
0.085878
0.085648
0.085067
0.083144
0.086028
0.088643
0.089575
0.102347
0.092119
0.108217
0.091408
0.089324
0.087622
0.084395
0.089715
0.092469
0.092810
0.093742
0.100824
0.102878
0.098981
0.097518
0.081641
0.072675
0.083605
0.089444
0.084466
0.098791
0.099512
0.095605
0.103017
0.094262
0.104030
0.097328
0.062829
0.076682
0.068819
0.103298
0.093301
0.086550
0.095535
0.117933
0.088813
0.085968
0.088903
0.085888
0.096777
0.096867
0.101214
0.099151
0.102166
0.095544
0.088503
0.091307
0.108147
0.099852
0.096146
0.092179
0.096527
0.092740
0.090666
0.091238
0.095335
0.085047
0.092469
0.088011
0.086610
0.091689
0.094322
0.084756
0.095985
0.086710
0.097708
0.089304
0.097198
0.103158
0.097297
0.097378
0.097688
0.090756
0.091757
0.110039
0.098219
0.102857
0.098439
0.064261
10.435520
0.061596
0.081831
0.073927
0.084987
0.098649
0.103869
0.100673
0.105421
0.075540
0.096035
0.069700
0.063188
0.085667
0.080809
0.074889
0.080339
0.086449
0.076772
0.089243
0.078715
0.082042
0.091597
0.101094
0.073537
0.080729
0.079266
0.100333
0.086509
0.101064
0.079597
0.072264
0.087641
0.096736
0.079316
0.082702
0.092709
0.092039
0.086259
0.088692
0.096656
0.089293
0.081159
0.079958
0.088893
0.085457
0.087460
0.103058
0.080048
0.082351
0.083323
0.096756
0.072735
0.068378
0.070802
0.066635
0.067777
0.074258
0.073627
0.083685
0.080148
0.071213
0.078776
0.094152
0.061867
0.075069
0.064642
0.072234
0.085477
0.062728
0.079357
0.066464
0.141784
0.117021
0.115128
0.135583
0.094112
0.103698
0.110340
0.148816
0.110120
0.114587
0.114387
0.100594
0.104249
0.105261
0.111542
0.129814
0.112945
0.126938
0.110551
0.107996
0.110541
0.115949
0.125376
0.128321
0.105312
0.119966
0.131386
0.113435
0.115389
0.166336
0.116250
0.146222
0.101795
9.418490
0.104259
0.149116
0.116710
0.119545
0.115960
0.132096
0.154987
0.128170
0.107695
0.111953
0.111982
0.139069
0.119134
0.141914
0.134291
0.133530
0.147082
0.109438
0.137596
0.130384
0.128510
0.104078
0.130855
0.119314
0.112824
0.102766
0.103047
0.103357
0.109397
0.140301
0.136093
0.124864
0.111391
0.131907
0.119114
0.136555
0.157610
0.214118
0.122440
0.110289
0.121829
0.108777
0.103708
0.106092
0.111582
0.126588
0.118343
0.116119
0.128761
0.111862
0.148585
0.109137
0.132227
0.114556
0.109108
0.111241
0.104469
0.109638
0.106863
0.106523
0.116860
0.114065
0.108757
0.106843
0.101364
0.140051
0.116840
0.108056
0.124122
0.122841
0.122690
0.116790
0.178235
0.107304
0.106422
0.108786
10.803484
0.140360
0.107054
0.132027
0.103497
0.106052
0.104790
0.095894
0.104409
0.105000
0.134891
0.118943
0.091246
0.116119
0.107334
0.112863
0.131204
0.124994
0.126096
0.117221
0.141813
0.114456
0.141562
0.115768
0.139769
0.097617
0.100843
0.115898
0.132387
0.106493
0.085256
0.083283
0.069650
0.064841
0.145759
0.106963
0.106412
0.097367
0.100853
0.151239
0.105220
0.135361
0.134932
0.115067
0.112863
0.142344
0.111912
0.150248
0.129732
0.144518
0.117641
0.141002
0.114446
0.172846
0.138998
0.095794
0.123912
0.107304
0.107253
0.136354
0.100131
0.109768
0.100122
0.107664
0.103447
0.104850
0.122349
0.112963
0.102396
0.106412
0.118994
0.130544
0.151630
0.147552
0.153102
0.146761
0.142284
0.081309
0.067986
0.107895
0.089884
0.089683
0.099681
0.091426
0.099730
0.093840
0.152761
0.095463
0.131885
0.163750
0.101453
0.103907
0.096575
0.105350
0.103327
0.096695
0.093209
0.093920
0.113103
0.113754
0.113394
0.086908
0.092899
0.121097
0.116208
0.114656
0.118482
0.120576
0.094021
0.166154
0.155565
0.145318
0.117921
0.127428
0.125374
0.126346
0.123301
0.086138
0.066013
0.093279
0.074207
0.070460
0.087169
0.077843
0.088812
0.087450
0.092338
0.094862
0.093169
0.137145
0.100713
0.141532
0.089343
0.117431
0.121438
0.127037
0.133278
0.138597
0.111761
0.096135
0.099170
0.095614
0.098478
0.106122
0.111931
0.116289
0.101163
0.090104
0.094392
0.093179
0.109487
0.090495
0.098819
0.089753
0.105741
0.079876
0.072724
0.076711
0.066434
0.089413
0.072074
0.082171
0.105160
0.089674
0.069569
0.082822
0.078554
0.077062
0.092187
0.079756
0.078845
0.074908
0.079896
0.094161
0.078384
0.087639
0.089723
0.093530
0.086868
0.060293
0.071812
0.088872
0.078364
0.096124
0.090945
0.090985
0.099971
0.077773
0.111010
0.061375
0.101924
0.091586
0.086768
0.095894
0.090174
0.084685
0.098167
0.093329
0.102856
0.082181
0.096465
0.086808
0.066213
0.084854
0.085917
0.067254
0.066423
0.079606
0.524995
0.069037
0.087199
0.062496
0.070239
0.062186
0.085035
0.066843
0.080077
0.063198
0.070220
0.061635
0.075168
0.062156
0.078544
0.069158
0.078484
0.067035
0.116488
0.070239
0.066473
0.063128
0.089453
0.091706
0.088571
0.085385
0.075178
0.092387
0.075679
0.070761
0.068176
0.106221
0.103567
0.091095
0.107323
0.098298
0.096384
0.110008
0.099710
0.099650
0.086868
0.089713
0.093770
0.093108
0.095403
0.136192
0.120185
0.106712
0.122048
0.076240
0.081539
0.073385
0.084934
0.087419
0.084935
0.103456
0.081218
0.085165
0.081189
0.087288
0.086958
0.068617
0.099760
0.082120
0.063509
0.066143
0.071662
0.075619
0.075088
0.066804
0.084053
0.098407
0.097717
0.091296
0.085887
0.090123
0.083672
0.086016
0.095082
0.095813
0.096825
0.090755
0.102014
0.110408
0.094371
0.086618
0.090725
0.096394
0.092257
0.093509
0.093460
0.094371
0.094711
0.095993
0.104068
0.094220
0.100792
0.100982
0.149575
0.098789
0.101082
0.104949
0.095913
0.095523
0.098067
0.089873
0.091135
0.101583
0.088190
0.106471
0.092397
0.084424
0.094971
0.095101
0.084063
0.082630
0.081809
0.063097
10.442004
0.078874
0.080828
0.068957
0.096394
0.080547
0.082570
0.094481
0.084123
0.083592
0.079836
0.098548
0.101002
0.097936
0.094210
0.107653
0.089332
0.088561
0.065923
0.088751
0.090984
0.088010
0.075148
0.089202
0.103165
0.065532
0.082641
0.068696
0.099530
0.064480
0.091466
0.073966
0.083992
0.066853
0.088531
0.090514
0.090264
0.089302
0.086497
0.090234
0.198678
0.090894
0.091606
0.084323
0.085045
0.077933
0.103727
0.089382
0.095222
0.091706
0.101122
0.090694
0.103196
0.071011
0.083372
0.078834
0.068687
0.079285
0.089542
0.081649
0.085285
0.088651
0.098217
0.082651
0.078614
0.072033
0.095853
0.074297
0.082410
0.085305
0.086767
0.081509
0.065342
0.077271
0.078474
0.080427
0.073404
0.074397
0.087399
0.076841
0.085326
0.068135
0.124723
0.073325
0.074066
0.077391
0.077201
0.083492
0.078764
0.084704
0.082741
0.070941
0.083783
0.077662
0.103947
0.065712
0.058119
0.080777
0.066564
0.140198
0.120424
0.114585
0.112782
0.103796
0.125382
0.104046
0.098848
0.120344
0.109556
0.078363
0.073505
0.061054
0.074567
0.100461
0.084443
0.082480
0.066252
0.074005
0.076770
10.147607
0.068206
0.068326
0.084854
0.093168
0.099408
0.092076
0.099188
0.092156
0.077311
0.078984
0.098958
0.082911
0.108394
0.088601
0.106160
0.080186
0.086267
0.084473
0.096864
0.087078
0.090774
0.087067
0.081088
0.083312
0.078544
0.081969
0.104507
0.091636
0.102845
0.088330
0.085926
0.078193
0.092517
0.084804
0.072313
0.077321
0.080416
0.084243
0.084613
0.079385
0.106791
0.073806
0.078293
0.095952
0.059341
0.073966
0.090043
0.060973
0.088630
0.065502
0.067384
0.097084
0.077261
0.104657
0.103957
0.101983
0.115416
0.094921
0.100040
0.101612
0.105269
0.096634
0.101622
0.112561
0.107372
0.103746
0.112591
0.104647
0.115917
0.103195
0.153420
0.114825
0.106691
0.105920
0.102865
0.106520
0.101031
0.099949
0.068116
0.058188
0.087539
0.082109
0.081127
0.088480
0.079735
0.079085
0.101963
0.082710
0.077482
0.065942
0.081769
0.084994
0.072183
0.106441
0.085606
0.108834
0.085585
0.083532
0.085835
0.083631
0.083812
0.082369
0.094390
0.088931
0.075157
0.082420
0.117269
0.087218
0.084273
0.098517
0.133006
0.109696
0.101362
0.103075
0.114314
0.095041
0.103736
10.657055
0.099489
0.137944
0.115366
0.099789
0.110647
0.141640
0.097034
0.191344
0.106761
0.121405
0.104126
0.108745
0.116337
0.137623
0.106711
0.125653
0.108294
0.107282
0.109826
0.107382
0.100570
0.104297
0.118220
0.107972
0.113743
0.103105
0.138395
0.110988
0.097265
0.103085
0.115856
0.111538
0.113883
0.097976
0.102073
0.119994
0.090093
0.111779
0.167694
0.133125
0.112261
0.143373
0.108323
0.104116
0.101021
0.110507
0.117889
0.111168
0.108984
0.127987
0.100771
0.137122
0.102234
0.096934
0.100570
0.092306
0.098057
0.087258
0.087839
0.093448
0.122658
0.094841
0.130902
0.101182
0.092667
0.100010
0.094871
0.102604
0.105689
0.120134
0.090364
0.103966
0.101802
0.111249
0.103956
0.106070
0.107762
0.110517
0.111158
0.112400
0.098877
0.108183
0.104176
0.108434
0.091134
0.132725
0.093358
0.103935
0.129820
0.109745
0.098396
0.101301
0.113582
0.109145
0.115966
0.127286
0.130681
0.119181
0.144674
0.107572
0.107732
0.102854
0.101572
0.328185
0.103044
0.126424
0.112360
0.131071
0.105749
0.107772
0.110287
0.122467
0.137412
0.094520
0.112621
0.112911
0.112129
0.110838
0.107712
0.105849
0.113532
0.110447
0.101261
0.113712
0.118210
0.104526
0.099488
0.111118
0.103685
0.106340
0.105889
0.122567
0.117238
0.100440
0.106039
0.110577
0.122417
0.117077
0.110066
0.103315
0.090073
0.126534
0.130401
0.081127
0.073524
0.091114
0.080336
0.079114
0.089942
0.079785
0.071541
0.079775
0.087758
0.073625
0.073584
0.073454
0.080677
0.085434
0.068376
0.074576
0.105178
0.088109
0.074716
0.074236
0.122056
0.111979
0.110046
0.112440
0.142461
0.109615
0.109385
0.102152
0.105588
0.114033
0.108774
0.114563
0.111869
0.116246
0.128647
0.100780
0.073655
0.081457
0.074405
0.092436
0.081918
0.096563
0.091194
0.074686
0.105798
0.109444
0.099337
0.124129
0.098105
0.119672
0.101231
0.111809
0.097414
0.142170
0.124991
0.105729
0.102924
0.099799
0.104506
0.106580
0.104516
0.104477
0.113411
0.106380
0.096633
0.102322
0.095581
0.102704
0.102192
0.131592
0.107030
0.103083
0.086536
0.132304
0.105869
0.114924
0.135138
0.110046
0.116396
0.147209
0.095962
0.127776
0.136951
0.153108
0.075257
0.128577
0.101381
0.088870
0.102523
0.082950
0.079404
0.062285
0.080125
0.062205
0.082760
0.088089
0.069738
0.063777
0.101090
0.060341
0.077651
0.068616
0.072753
0.058920
0.088189
0.062996
0.071521
0.070639
0.060692
0.112991
0.129879
0.134016
0.095361
0.104386
0.099848
0.127415
0.098796
0.094329
0.090192
0.103615
0.095561
0.109665
0.112559
0.099278
0.109524
0.129058
0.101742
0.132543
0.109294
0.072693
0.063808
0.065160
10.400829
0.082208
0.061884
0.072853
0.116687
0.134607
0.111368
0.135489
0.110927
0.129909
0.108032
0.106810
0.098716
0.105999
0.107411
0.135789
0.110246
0.109724
0.114002
0.135679
0.120022
0.103004
0.112609
0.134627
0.100749
0.141979
0.085845
0.069517
0.060422
0.069306
0.059941
0.077060
0.071962
0.070148
0.069627
0.083300
0.061684
0.086376
0.135298
0.105618
0.105358
0.069948
0.069277
0.075988
0.090372
0.063718
0.084352
0.065591
0.080816
0.085334
0.072201
0.073915
0.079363
0.067564
0.082809
0.067243
0.076068
0.058548
0.068686
0.069106
0.069888
0.064799
0.072702
0.061023
0.068044
0.088740
0.061925
0.078352
0.061534
0.073274
0.066072
0.080155
0.068696
0.080225
0.054892
0.067063
0.071621
0.078742
0.065220
0.063997
0.069597
0.063186
0.078642
0.061633
0.123668
0.079373
0.075537
0.096192
0.109815
0.069237
0.096793
0.066692
0.085263
0.056335
0.079243
0.072091
0.073163
0.061023
0.087537
0.087327
0.067343
0.081768
0.060732
0.097314
0.064778
0.072371
0.067002
0.094278
0.072602
0.107040
0.096162
0.074335
0.068465
0.106409
0.082178
0.068445
0.069366
0.081757
0.054392
0.080075
0.061503
0.068135
0.062776
0.080836
0.066232
0.091193
0.062425
0.068545
0.062715
0.079193
0.064008
0.075807
0.132202
0.087827
0.081297
0.062005
0.088369
0.070419
0.059770
0.086235
1.130340
0.065089
0.075517
0.067954
0.072221
0.116816
0.071010
0.074906
0.145004
0.083721
0.072411
0.077961
0.075928
0.086155
0.095020
0.078982
0.077750
0.088449
0.092536
0.068916
0.084232
0.072642
0.094089
0.098856
0.131501
0.090532
0.099868
0.065621
0.094498
0.079484
0.079824
0.106048
0.072221
0.080596
0.083470
0.097524
0.076208
0.085113
0.077120
0.071580
0.079934
0.081346
0.076688
0.082960
0.077831
0.169204
0.074826
0.110255
0.068465
0.114141
0.107070
0.080115
0.091183
0.170797
0.138552
0.125952
0.090782
0.083029
0.100298
0.078452
0.103383
0.091634
0.089831
0.106128
0.089891
0.102271
0.098005
0.095030
0.153277
0.100278
0.117407
0.200737
0.094739
0.094369
0.117707
0.094088
0.082539
0.086695
0.083139
0.064768
0.088589
0.069406
0.102442
0.089130
0.135367
0.093056
0.115444
0.084943
0.103444
0.098886
0.121474
0.084212
0.083690
0.095881
0.092295
0.089730
0.093527
0.068806
0.089200
0.079524
0.078522
0.085404
0.102432
0.077760
0.067333
0.070188
0.116396
0.077370
0.118329
0.079874
0.094649
0.089911
0.117047
0.081006
0.077300
0.094358
0.070738
0.069607
0.119140
0.098345
0.089390
0.166560
0.065220
0.071199
0.081527
0.077991
0.072431
0.067043
0.109844
0.090762
0.111868
0.081918
0.067754
0.098275
0.087918
0.094900
0.087968
0.086335
0.095731
0.083470
0.088508
0.073583
0.080825
0.103223
0.088949
0.099597
0.090752
0.106118
0.084652
0.078882
0.085263
0.068054
0.085634
0.093827
0.087346
0.088378
0.083740
0.082188
0.086195
0.085994
0.086995
0.091313
0.065971
0.078712
0.069697
0.100479
0.087207
0.093787
0.064177
0.087967
0.088278
0.077450
0.085854
10.498289
0.036621
0.096763
0.081847
1.141543
0.097013
0.088127
0.067764
0.083570
0.088448
0.083590
0.089420
0.076238
0.116875
0.083149
0.078521
0.107230
0.082848
0.085333
0.075567
0.098095
0.083951
0.068535
0.086545
0.079603
0.101870
0.073223
0.089850
0.107620
0.086425
0.095910
0.074175
0.072983
0.089881
0.089139
0.123767
0.090201
0.084672
0.090161
0.082689
0.080685
0.084712
0.097093
0.113700
0.092405
0.088899
0.083840
0.093476
0.094017
0.082027
0.066291
0.081517
0.096091
0.082348
0.100488
0.100528
0.092385
0.081577
0.080855
0.096252
0.093436
0.089130
0.073583
0.091694
0.089380
0.083169
0.077770
0.097734
0.087376
0.109854
0.101930
0.119410
0.102842
0.126933
0.095530
0.103573
0.086806
0.115914
0.086194
0.106028
0.088378
0.082969
0.079904
0.081536
0.067423
0.091454
0.091804
0.088779
0.093517
0.092014
0.097313
0.083290
0.104375
0.064407
0.095019
0.091614
0.085864
0.109453
0.061843
0.101239
0.106598
0.084131
0.063647
0.096762
0.064618
0.092205
0.103623
0.086986
0.084602
0.086695
0.063016
0.108161
0.067903
0.127904
0.076738
0.091683
0.071359
0.116035
0.079583
0.079273
0.072592
0.060952
0.090541
0.081807
0.075276
0.092555
0.093937
0.084351
0.077920
0.102581
0.096682
0.117287
0.081366
0.087276
0.104726
0.085242
0.090661
0.084251
0.100568
0.068936
0.089129
0.063426
0.088548
0.082588
0.067433
0.073182
0.086565
0.079433
0.082208
0.088668
0.080144
0.087887
0.084141
0.080204
0.082318
0.093827
0.087046
0.086084
0.112899
