25.593758
21.661520
17.415524
18.904209
20.908117
19.481421
13.808966
15.265226
12.656689
18.826962
13.077021
17.473221
13.830423
15.553713
12.803793
15.064955
17.810345
14.832258
20.881414
15.174150
16.241312
19.112110
13.081312
18.435478
15.678644
18.527031
16.293049
20.257711
15.397310
18.291950
19.290209
20.824432
20.101547
16.234159
20.141125
19.245386
16.563177
18.264294
17.544508
16.463757
15.517473
14.248610
20.250559
13.458967
21.843672
12.672663
22.883892
14.366150
20.198107
16.478300
14.483929
15.298128
14.620066
16.600847
20.128965
15.678644
17.876863
20.905972
18.439293
20.755529
18.258572
18.967152
14.280796
20.363092
14.592171
18.203259
16.711950
18.765688
18.783569
19.010305
14.411211
20.313978
13.604164
16.670227
14.360189
19.782543
13.365746
13.513088
18.738985
13.893127
12.553930
19.961119
14.320374
20.839214
13.378143
18.427849
17.405510
13.110876
19.181490
16.666174
18.948317
13.009310
18.266916
12.564182
17.668486
13.086557
24.071932
13.603687
13.540506
21.379709
12.566566
19.321918
14.052629
13.442278
17.512321
13.633490
14.037132
20.639420
12.906551
16.543150
12.598991
15.509844
16.786575
14.069319
18.234491
13.144732
18.339157
12.943745
17.316818
18.347025
14.598608
18.229008
22.778273
13.200998
12.528181
13.225794
12.889862
13.818979
13.467312
12.273312
14.369249
14.373064
12.346745
11.405468
11.356115
13.909578
13.072252
13.811111
13.196707
13.007879
14.686584
13.988495
15.058279
14.279842
13.419390
13.531923
13.983727
14.233828
12.530565
13.098001
13.631105
13.006926
13.164759
13.473988
22.217751
13.582706
22.750139
13.325214
13.341904
14.291048
13.643742
14.304638
13.858318
12.643099
14.406681
14.757633
14.553547
13.432503
14.814138
13.131857
13.622284
19.975424
13.356447
13.164759
13.174772
