3.568207
2.655078
2.838959
2.585089
2.019198
2.100426
2.168060
2.764203
2.229374
2.459796
2.224116
1.962331
1.854017
1.959216
2.032961
2.193063
2.081283
2.108129
1.851483
1.986322
1.948638
2.055770
2.263602
2.486461
2.484158
2.048668
1.455320
2.030056
2.036397
2.190067
2.406455
1.953627
1.691541
2.130006
2.104814
2.069433
2.349078
2.059396
1.994656
1.801047
1.940324
2.081203
2.099685
1.997662
1.936598
2.040614
2.046534
2.491500
2.102379
2.642386
1.996469
2.122523
2.002178
2.050109
2.699801
2.175161
2.437587
3.677731
2.952030
2.335092
2.513124
3.134018
3.734568
2.083296
3.291275
3.902994
3.808463
3.813000
3.677851
2.029615
3.749413
2.673467
2.576632
3.856124
2.997847
3.586196
3.785935
3.636471
3.017221
3.341621
2.550308
2.130966
2.741152
2.665904
2.167348
2.156479
2.319917
2.365154
2.696095
2.482563
1.465597
2.238168
2.159946
2.511923
2.056630
2.147664
1.991980
2.599271
2.397949
2.160356
2.100985
2.122732
2.005343
2.396727
1.966037
2.283585
2.140833
1.877506
2.203850
2.057862
2.593331
2.536043
2.083505
1.981773
2.049968
2.560194
2.282874
2.171956
2.149388
2.221771
2.135965
2.096318
2.103801
2.135154
2.038139
2.810610
2.177005
1.924115
2.172506
2.358070
2.169680
2.287941
2.047523
2.283293
2.165253
1.903660
2.166045
2.083124
1.552804
2.150427
2.076172
1.989665
2.193361
2.018294
2.066385
2.529751
2.220016
2.032047
2.146992
1.968499
2.120978
2.026037
1.989696
2.889621
2.096847
2.164683
2.251960
2.093541
1.578608
1.956850
2.464711
2.275660
2.634950
2.165053
2.110250
2.032588
2.003669
1.895385
2.053614
1.536396
2.121549
2.146211
2.079568
1.987261
2.111983
2.201555
2.004961
2.398369
2.478445
2.723891
2.060125
2.085568
2.567215
2.008116
1.821540
1.984286
2.030094
2.197729
1.770904
2.006183
1.747274
1.975902
1.974800
1.987261
2.262468
1.974469
1.950119
2.410639
2.112714
1.922421
2.163790
1.884036
2.002927
1.826037
1.932577
2.000002
2.072665
2.186538
1.983173
2.501021
2.020076
1.971954
1.927248
1.857871
1.897718
1.964181
1.979757
2.329140
2.214235
1.928059
1.987531
2.003007
2.355685
2.067536
1.935572
2.062888
2.019104
2.418972
1.996135
1.855898
2.030543
2.054535
1.998709
2.318131
2.016480
2.065543
2.214385
1.996125
2.084375
2.029582
2.018303
2.150177
2.019285
2.303927
2.450456
2.001935
1.962899
2.053633
2.112763
1.936694
2.317761
2.379385
2.764939
2.498417
2.162738
2.220656
2.466874
2.005100
2.025385
2.222339
2.014716
2.445647
2.214936
2.117851
1.744919
1.936764
2.022550
1.984125
2.002426
2.311660
2.025595
2.057870
1.752973
2.134871
2.405599
2.500841
2.143175
1.950387
2.011281
2.135370
2.141220
2.233407
2.276179
1.937274
2.141751
2.326925
2.460452
2.054243
1.767426
2.321195
2.101111
2.051739
2.211189
2.519452
2.017620
2.203365
2.103536
2.004357
2.017930
1.782252
1.900262
2.060854
1.950036
2.096194
2.049494
1.795053
2.004008
2.094210
1.984174
2.366482
1.975739
2.445045
2.312400
2.166403
2.129159
1.926706
2.047721
1.981720
1.887209
2.390803
2.270359
2.052449
2.118722
2.371911
2.042172
2.544343
2.167795
1.948403
2.128769
2.775455
2.377690
2.032005
2.003557
2.028179
1.937114
2.045818
2.147490
2.157347
2.567212
2.278463
2.135841
2.219392
1.888802
2.077762
2.332574
2.088821
2.086037
1.911490
2.028599
2.342942
2.530591
1.982781
1.995413
2.505918
2.066522
1.873064
2.170108
1.948172
2.059109
2.567401
2.140207
2.103925
2.491201
2.025733
2.627673
2.104787
2.023079
2.164127
2.050645
1.756627
1.849795
2.567892
2.617015
2.339375
2.042071
2.047209
2.232694
2.207911
2.471900
2.599455
2.649680
2.119562
2.057547
1.937523
2.027576
2.083230
2.443040
2.107832
2.009415
2.063757
1.989692
2.664495
2.077991
2.671938
2.043723
1.895152
2.126965
2.457094
2.680782
2.144755
2.200339
2.535877
2.191023
2.036781
2.071811
2.278882
2.542819
1.904608
2.061183
2.427153
2.111769
2.650231
2.375206
2.028507
1.870370
1.981337
1.956385
2.131472
2.196111
2.279984
1.635612
2.044876
2.042341
1.899238
1.895693
2.166752
2.528956
1.835691
1.889061
2.170839
2.154600
2.008302
2.043412
2.084601
2.065689
1.997524
2.068554
2.385180
3.702242
3.661062
3.790732
3.726172
3.629088
3.769827
3.566292
3.608934
3.577902
3.686055
3.653539
3.756945
3.811227
3.559320
3.817988
3.694218
3.967702
3.679543
3.646858
3.556585
3.760802
3.632544
3.767443
3.494440
3.717968
3.671660
3.752678
3.620343
3.390043
3.547991
3.837601
3.535620
3.501913
3.691533
3.717718
3.770758
3.795390
3.762144
3.552348
3.670708
3.749903
3.569748
3.586576
3.909723
3.715535
3.830449
4.207228
3.898655
3.891172
3.747729
3.561433
3.910484
3.810235
3.945614
3.694188
3.619391
4.219188
3.926593
3.869535
3.887255
3.538725
4.014090
4.066039
3.834136
3.764978
3.469387
4.071207
3.984550
3.776456
3.658926
3.885531
4.340140
3.594828
3.612918
3.577709
3.531050
3.667451
3.782276
3.780493
3.539465
3.697932
3.757654
3.603944
3.630739
3.559438
3.525621
3.511156
3.620051
3.711596
3.742638
3.666901
3.680103
3.702731
3.637941
3.443922
3.564857
3.729616
3.500269
3.750411
3.584721
3.633043
3.636529
3.682647
3.641296
2.742374
2.052847
2.050592
2.005757
2.192242
1.817959
2.106557
2.266619
1.829699
2.032562
2.014622
2.018769
2.031741
2.348357
1.986564
1.914853
1.854200
2.261420
1.958828
2.022335
2.500084
2.182156
2.160950
2.065739
2.093866
2.053358
2.227342
2.121173
1.947278
1.910495
1.783290
1.977890
1.986034
1.921625
2.139843
2.077097
2.075695
2.073481
2.129326
3.114492
3.757341
3.798381
3.741926
4.124983
4.134089
3.658023
3.703561
3.725097
3.676274
3.793532
3.720439
3.591320
3.664454
3.681553
3.788043
3.806725
3.795186
3.861257
3.741435
2.629692
2.099514
2.080833
1.892283
2.003191
1.996411
2.698238
1.651827
2.579798
2.113498
2.468820
2.012728
2.560455
2.071827
1.801140
2.158324
2.126390
2.464072
2.543337
2.046585
1.931029
1.901880
2.006217
1.890581
1.975225
2.252744
2.380039
2.646692
2.620096
2.060228
2.654033
1.890190
2.408458
2.131889
2.308318
2.141586
1.920511
1.910635
2.031970
2.168331
2.002340
1.949320
2.238500
2.067330
2.166608
2.149709
1.969955
1.642400
1.889910
2.048859
2.345000
1.835327
2.189166
2.061340
2.549326
1.949841
2.223745
2.152243
1.884199
2.032890
1.959046
2.049900
2.046394
2.032610
2.063242
2.170463
2.034723
2.067018
2.122893
2.529231
2.021652
1.955570
2.065446
2.182925
1.950591
1.902379
1.838773
2.000636
1.959116
2.080982
1.980362
1.861010
1.900587
2.125006
1.971857
2.182254
2.017023
2.576010
2.298900
2.079760
1.989598
2.068601
2.328040
1.974782
2.407906
2.118095
2.424623
1.814621
2.224265
1.883958
2.131788
2.432446
2.293883
2.521448
2.056290
2.274559
1.983146
2.033041
1.933222
1.927312
1.977617
1.823616
2.084618
2.048857
2.073599
2.016813
1.944431
2.098732
2.039862
2.090207
2.291228
2.033993
2.027963
2.138350
2.094325
2.219937
2.451129
2.059416
1.993213
2.117844
1.970234
1.852194
2.184437
1.985920
2.056500
2.152592
2.249376
2.618360
2.577711
1.999023
1.810994
1.951833
1.901948
2.526004
2.044119
1.980872
2.144208
1.935945
2.261056
2.024886
2.061838
2.127019
2.362507
1.926961
2.149637
2.213715
2.647900
2.354624
2.071656
2.506281
2.717658
2.071625
2.079869
2.199572
2.105192
2.021650
2.098160
2.093272
2.032519
1.993713
2.170903
2.406962
2.087101
2.276141
2.788018
1.612779
2.296626
2.568717
2.155427
1.937789
2.321989
2.252912
2.012906
1.832200
2.011844
2.590092
2.195715
2.337395
2.501472
1.990358
2.035344
1.997480
2.102578
2.661403
2.288572
2.268398
2.159754
2.437544
1.966056
2.143947
2.111172
1.915411
1.962040
2.156689
1.989486
2.179688
2.122422
2.087702
1.887654
2.231484
1.926008
2.217110
2.840294
1.905834
2.005212
2.535388
2.002798
2.332496
2.058672
2.198338
2.086890
2.011753
1.987121
2.134931
1.879329
2.418491
2.230894
1.916411
2.127739
2.106724
2.048595
2.006835
2.197247
2.171963
2.405960
2.186478
2.916113
1.971895
1.940832
2.116510
2.097488
2.225094
2.356386
1.885670
2.068589
2.364459
2.050558
2.022320
2.095375
1.951991
2.037907
2.038638
2.024374
2.125214
2.269729
2.773672
2.071403
2.091418
2.092139
2.003038
2.341591
2.002587
2.058011
2.041934
2.299820
2.192850
2.086339
2.235542
1.956520
2.120777
2.144257
1.898411
2.070773
2.093662
1.950710
1.918245
2.512509
2.075060
2.561393
2.338205
2.217551
2.194522
2.160374
2.470158
2.004821
2.031105
2.137394
2.202745
2.678899
1.975370
2.644271
1.884887
2.124993
2.465509
2.116088
2.086047
2.046330
2.460441
2.358067
2.040260
1.887402
2.516335
2.354842
2.399748
2.166734
1.934632
1.950328
2.064801
2.049145
2.139768
2.594407
2.531280
2.779620
2.079867
1.880150
2.450934
2.562133
2.189282
2.672600
2.188801
2.569675
2.338334
2.629887
2.610314
2.596851
2.669504
1.737718
2.141481
2.559427
2.532342
2.378352
2.545434
3.802189
3.740114
2.649701
1.816471
1.958762
1.688224
2.422586
2.157619
2.014216
2.480324
2.187429
2.000203
1.963500
2.116779
2.370077
2.082802
2.050878
2.577228
2.656252
2.525901
2.085807
1.614520
2.130533
2.201603
1.999801
2.051148
2.001373
2.671777
1.977002
2.077732
2.483178
2.447958
2.495699
2.480583
2.714689
2.233535
2.957840
2.378561
2.284101
1.710401
1.910990
2.514251
2.291103
2.472109
2.137373
2.807876
2.239626
2.629625
2.429227
2.743067
2.623675
2.534725
2.652424
2.456592
2.621261
1.783985
1.589197
2.402020
1.836014
1.876382
1.995873
2.586532
2.057488
2.363966
2.409162
2.612146
2.385032
2.421654
2.616464
1.835263
1.847553
1.800724
2.443480
2.642066
2.290862
2.582886
2.225252
2.227386
2.027417
1.558765
2.336409
2.273574
2.018472
2.092567
2.074938
2.570816
2.124581
1.947402
2.449992
2.074958
1.949495
2.067144
2.207942
4.174386
3.819757
3.789576
4.034329
4.144066
4.033699
3.610704
3.792830
3.761818
1.519267
2.521772
2.081457
1.986898
2.433823
1.999519
1.848784
2.306728
2.316635
2.641685
2.780839
2.053982
2.764472
2.146608
2.541134
2.035279
2.638069
2.304274
1.531919
1.738037
1.934069
1.950607
2.208973
2.084372
2.160781
1.902716
2.239465
2.648135
2.150524
2.023279
2.239194
2.182178
2.436488
2.387655
2.062365
2.175396
2.076109
2.046969
2.501207
2.244753
2.178802
2.446926
1.566317
2.011690
2.420460
2.087879
1.978153
2.020354
1.918422
1.894942
1.926226
1.893229
1.929631
3.757480
1.714597
1.984614
1.956887
2.162455
3.717643
3.657431
3.668650
3.793110
3.634913
3.641534
4.361621
3.965812
3.894892
3.966132
3.987559
3.814136
3.939647
3.864330
3.808464
3.958016
3.830051
3.909866
3.523162
4.141747
3.794711
3.662748
3.831704
3.858699
4.048600
4.143871
3.956163
3.856856
3.970748
4.265917
3.756046
3.895672
4.019541
4.115803
2.131291
2.046378
2.089009
2.259668
2.239494
2.278129
2.153579
1.923900
2.224549
1.604361
1.916528
2.515389
2.123598
1.986275
2.177409
1.876130
2.080225
2.162563
2.095150
2.272219
2.457001
2.136930
2.473208
2.424046
1.577596
1.751248
2.010948
2.568740
2.636805
2.576483
1.495637
2.103103
2.144473
2.558502
2.391030
2.219680
2.377607
2.158897
2.658611
1.537167
2.216585
2.107741
2.141678
2.668037
2.131140
2.453164
1.709939
2.606113
2.241547
1.504181
1.896594
2.063796
1.913533
2.029629
2.027245
2.324327
2.617841
2.230847
2.446342
1.967553
2.052627
2.584385
2.903494
1.767586
1.642484
2.166970
2.270095
1.846910
2.017668
2.434271
2.139143
2.073232
2.230197
1.969115
1.967063
1.847621
2.262952
2.058276
2.067732
1.989079
2.067131
1.900019
1.892647
2.555977
2.520166
2.117015
2.131480
2.210283
2.670851
2.278508
2.785866
2.075054
2.344139
2.097252
2.207278
2.032012
2.007771
2.139614
2.203141
2.087956
2.354086
2.539188
2.523883
2.589183
2.474128
2.147857
1.889621
2.129066
2.267930
2.016726
2.527769
1.897425
2.094427
1.896824
2.181024
2.072891
1.892526
2.160709
2.154820
1.947339
1.933345
2.151504
1.954080
2.668467
2.392531
2.413266
2.553823
2.165728
2.157744
2.085633
2.789790
1.939625
1.946226
2.109973
2.061450
2.603376
2.501524
2.955922
2.551428
2.193954
2.098323
2.151333
2.574497
2.126941
1.571544
2.311163
2.231358
2.137099
2.062382
1.748813
2.237948
2.015273
1.978601
1.971789
2.013950
2.521317
2.178719
2.504028
2.117435
2.123566
2.004856
2.032172
2.464111
2.068492
1.895861
2.184469
2.228523
2.195628
2.109822
2.086733
1.964467
1.860130
1.878732
2.037380
1.990581
3.673754
3.699016
3.735197
3.830568
3.414195
4.612999
4.077835
3.615114
3.776026
3.689300
3.573514
3.680545
3.632824
3.729046
3.636931
3.893094
3.666441
3.762142
3.767872
3.842508
3.900927
3.909301
4.221198
3.768594
3.657826
3.725661
3.771408
3.697032
3.692105
3.805032
3.652916
4.019325
3.737148
3.786833
3.726570
3.748938
3.905041
3.820580
3.864884
3.850971
3.789597
3.677228
3.652536
3.631059
3.949877
2.143448
2.518852
1.927965
1.916656
2.480357
1.985652
1.859589
2.030508
2.135635
1.946015
1.995749
2.574766
2.144461
2.021463
2.662385
2.013479
1.975595
2.036518
2.360094
1.537907
1.836550
2.088235
2.123655
2.089447
2.110833
2.054198
2.616537
2.166778
3.016011
2.669967
2.134844
2.552910
2.151802
2.229955
2.201426
2.046755
2.188905
2.226849
2.107477
2.145442
2.561384
1.966189
2.359783
2.250699
2.601451
2.059707
2.596253
1.821064
2.471231
2.179519
2.109351
2.196477
2.243417
2.088946
2.101738
1.930479
2.266847
2.093674
2.700529
2.145741
1.863435
2.034623
2.740214
2.105774
2.045942
2.103750
2.685973
1.985290
2.453591
2.149327
1.566153
2.179378
2.269219
2.160806
2.065787
2.302786
2.180911
1.809885
1.997421
2.141614
2.243867
2.129524
1.945653
2.003401
2.530891
1.839494
2.112966
2.169561
2.180910
2.230474
2.101346
2.234561
2.119677
2.050731
2.102558
2.037599
3.454921
3.764102
3.875130
3.815809
3.673960
3.818264
3.872916
3.854535
3.834070
3.805272
3.867888
3.782804
3.564275
4.160892
4.197484
3.698712
3.869009
4.316915
3.853163
4.018251
4.166782
3.901254
3.112052
3.754276
3.410135
3.738819
3.138386
3.975899
3.903938
3.972344
3.620570
4.028639
3.995913
3.359901
3.900072
3.677135
3.688484
3.827518
4.033054
3.803016
3.724764
3.846469
3.899499
3.991434
4.448025
4.771781
3.765212
2.507901
2.775102
2.070213
2.126568
2.028402
1.874012
2.165423
2.134821
2.230934
2.019377
2.184565
1.941045
2.450835
2.078897
2.006445
1.947115
2.039651
1.896910
1.987504
3.529555
3.758911
3.720867
3.581512
3.569933
3.688313
3.711603
3.659584
3.634932
3.938054
3.809708
3.862286
3.965200
3.746661
2.206051
2.389311
2.227068
1.991270
2.594297
2.698763
2.338616
2.146502
2.160405
3.720246
3.816890
4.114361
4.004686
3.686860
3.878694
3.735272
4.025682
3.884734
3.675672
3.763510
3.754014
3.759293
4.071970
3.780448
3.860163
3.974887
4.281184
3.680029
3.655667
3.753062
3.978412
3.976038
3.588344
3.961281
4.061901
3.996621
4.351750
3.826956
3.703146
4.124767
4.150641
4.178808
3.769578
3.486701
3.823039
3.865240
3.918239
3.802824
3.880355
4.200044
3.926613
3.601064
3.959729
3.845216
4.184208
3.948700
3.976958
3.803906
3.950053
4.025290
3.964327
3.982777
3.879854
4.044663
4.014451
4.102469
3.850104
4.028054
3.809595
4.190889
4.058756
3.614417
4.032261
3.976597
3.722148
3.707783
3.608387
3.584907
3.637085
4.367977
3.896923
3.591027
3.959999
3.871700
4.320617
4.314778
3.793047
3.998434
3.882338
3.749635
4.079751
3.565654
3.771061
3.702125
4.110072
4.094637
3.576473
3.876709
3.822167
3.814735
3.617732
3.682942
3.937310
3.694242
3.696125
3.640109
3.763167
3.762987
3.738746
3.872290
3.569760
3.709546
3.605721
3.672733
2.478169
1.974810
2.313642
2.325030
2.059322
2.458215
2.449932
2.055646
2.152910
2.084305
2.034741
1.941885
2.101063
2.406408
2.227476
1.871576
2.161615
2.427414
2.052151
2.227616
2.633140
2.201572
2.090345
2.032236
2.219923
2.089884
1.486858
1.920429
2.354390
1.982904
2.151579
2.464495
1.932318
2.051970
2.612916
2.377780
2.705111
2.620578
2.148883
2.177362
1.808440
2.479582
2.687632
2.651240
1.494150
1.999311
2.017342
2.029362
2.317398
2.190593
2.681192
2.031225
2.499224
2.123150
2.098890
2.428064
2.020737
2.204948
2.516894
2.464436
2.534964
2.164790
2.259951
2.314052
2.201522
2.013826
2.105130
2.079827
2.134869
2.284502
2.115887
1.842276
2.207542
1.828593
1.885589
1.884988
2.130772
1.949597
2.321825
2.651950
2.348319
2.118321
2.085836
2.694272
2.659133
2.130191
2.182489
2.201291
2.082741
2.113904
2.083963
2.039187
1.940221
1.891849
1.967928
1.990956
2.365327
3.714382
3.689370
3.859646
3.549364
3.816253
3.907066
3.706289
2.347377
2.259109
2.187728
2.061726
1.788555
1.884908
2.235098
1.671599
1.953333
2.172162
2.093770
2.533982
2.365808
2.393856
2.034310
2.216787
2.242801
1.971304
2.109366
1.910190
2.612855
1.928270
2.137774
2.085746
1.804813
1.909129
1.942074
2.470014
2.032657
2.349200
2.676972
2.133457
2.241559
2.179564
2.146910
2.069849
2.150705
2.418688
2.159731
2.102505
2.434374
2.170078
2.550329
2.157025
2.147410
2.348258
2.555367
2.214021
2.004128
2.577293
2.367300
3.028224
3.729095
3.643871
3.819908
3.758124
3.808129
3.712597
3.793234
3.822853
3.763212
3.889095
3.618899
3.837889
3.685812
2.444199
2.540281
1.919135
2.415982
2.089602
2.169196
2.471205
2.205186
2.219821
2.348308
2.177621
2.229968
2.300548
2.111468
2.111809
2.051527
2.102103
2.165429
2.198044
2.382125
2.616720
2.526378
2.532869
2.070389
2.042132
2.012923
2.040349
2.326591
1.858122
1.935913
2.078754
2.134627
2.071251
2.052259
2.484097
2.599511
2.182578
2.083522
2.659672
2.165510
1.957179
2.176638
2.094039
2.064410
2.163807
2.223598
2.096223
2.481542
2.421682
3.717456
3.847733
3.819035
3.861777
4.199977
3.825957
3.862808
3.967305
4.072071
4.207990
3.675713
4.146306
3.791428
3.799763
3.606597
2.699999
2.373921
2.449578
1.545755
2.458182
2.009045
1.797960
2.388365
2.754401
1.894512
2.248128
2.161953
2.124370
2.118400
2.171849
2.539650
2.135438
2.377576
1.832838
1.605155
1.550943
2.581159
1.703009
1.904489
1.782103
2.510159
2.282987
2.343199
2.157566
2.150633
2.167011
2.560955
2.431858
1.948493
2.619453
2.364324
2.681528
3.031318
2.337449
3.124385
2.290509
1.724245
2.390608
1.902826
2.200888
2.480840
2.324106
2.333642
2.241868
2.444699
1.815048
2.449798
1.486024
2.296690
2.215292
2.444609
2.130230
2.063948
1.967615
2.000761
2.073383
1.905360
2.093847
2.047890
2.421760
2.674616
2.442194
2.060902
2.036029
2.180393
2.299674
3.596919
4.009255
3.808516
3.914594
3.882690
3.798489
3.782933
4.016446
3.671736
3.589847
1.972913
2.028107
1.882081
1.956336
2.257032
2.254438
2.340072
2.633967
2.081125
2.087156
1.966142
1.903176
2.147377
2.136089
1.955845
2.168012
1.993588
2.176286
2.317595
2.075877
1.675342
2.440892
2.566844
2.080805
2.161742
2.239031
2.091824
1.950326
2.011949
2.411122
1.875700
2.199175
2.072842
2.099217
2.144383
2.128916
2.010947
2.110726
2.166941
1.969067
2.201799
1.920545
1.975709
2.112479
2.045525
2.069306
2.098876
2.839954
2.041669
2.104876
2.144733
2.332960
2.534579
2.277485
1.997725
2.242527
2.468357
2.182536
2.724459
2.517630
2.269312
2.121643
2.659008
2.207267
1.966763
2.108511
2.533457
2.320748
1.826076
1.900711
2.022967
2.145203
2.049963
1.995160
2.041248
1.972622
2.104304
1.835291
2.129787
2.152064
2.020503
2.530071
2.371644
2.404851
2.168092
3.761486
3.907120
3.705010
3.689864
3.946006
3.895400
3.892976
4.200174
3.993947
4.018027
3.934727
4.112917
2.179731
2.171807
2.496284
2.293903
2.118028
2.865235
2.151253
1.983721
2.214880
1.862938
2.606841
2.168662
2.406623
2.101529
2.160148
2.107129
2.122895
2.042840
2.276214
1.897265
2.129266
2.010616
2.605298
2.167581
2.117817
1.992505
2.082577
2.004416
1.990012
2.119771
1.883372
2.138792
2.554561
2.047267
2.091521
2.170535
2.714922
2.092133
2.486978
2.175553
2.289666
1.960000
2.030730
2.141246
1.811520
2.394121
2.027343
2.037681
2.390966
1.898597
2.088376
1.882260
2.088527
2.087666
1.950464
2.018800
1.988979
2.055050
2.052947
2.073802
1.992005
1.988208
1.932705
1.900149
1.875939
2.206426
2.117706
2.147686
1.858079
1.932394
1.977109
1.994328
2.071749
1.796054
1.803396
2.007660
2.077548
1.927696
2.252513
2.170935
2.125860
2.305672
2.096530
1.996101
2.108350
2.022285
2.362949
2.036990
2.582899
2.143169
2.839502
2.111896
2.062342
2.183406
2.212565
2.349747
1.864119
1.925563
2.522818
2.096170
2.031621
1.728871
2.070957
2.021995
1.937543
1.889702
2.041758
2.591142
2.063914
2.308636
2.692513
2.330183
2.548820
2.555653
1.472649
1.929228
2.072489
2.373155
1.946207
2.483200
2.238959
3.932961
3.872128
3.857664
3.923114
3.909241
3.826081
4.107796
3.935545
3.905264
3.832011
3.625123
3.938009
4.001456
3.914640
3.895728
3.875905
3.994003
3.731551
3.839513
4.137194
4.235992
3.649503
2.555091
2.188124
2.243918
2.255737
2.600408
2.118176
1.977559
1.797406
2.328119
2.377262
2.520273
2.540788
2.028795
2.083808
2.617676
2.108570
2.100946
2.137087
2.255257
2.061530
1.688062
2.069274
2.011716
1.955041
2.539986
2.106216
2.102229
2.254215
2.125228
2.636358
1.899387
2.218414
2.742877
2.587396
2.111264
2.056833
1.909314
2.381058
1.911077
2.055350
2.528696
2.572189
2.521223
1.973501
1.955681
2.785598
2.949824
1.893126
2.035096
2.619499
1.852838
1.874936
2.115310
1.903994
1.977358
2.070345
2.039553
1.999506
2.393248
2.052565
2.042838
2.045733
2.210771
2.030498
2.053847
2.304388
2.039993
2.023796
2.138329
1.604520
1.819422
2.504054
2.057813
2.199672
1.810207
2.113407
2.290294
2.152933
1.523254
2.060528
1.962824
2.003532
2.655770
2.021352
2.369428
2.742686
2.489620
2.423529
2.251559
1.601005
2.111954
2.221078
1.971759
2.500579
2.364490
2.143698
2.319243
2.516144
2.096428
2.192310
1.970767
2.664574
2.133711
2.033783
2.201015
2.310558
1.979060
2.040384
2.277052
2.047666
2.004102
2.396563
2.225435
2.779307
2.209529
1.988186
2.712644
2.384723
2.076945
1.536425
1.875475
2.123583
2.869799
2.395261
2.361634
1.987013
2.505315
2.436810
2.288220
2.563824
2.094024
2.264851
2.730434
1.963294
2.055469
2.031839
2.331694
1.988066
2.082835
2.449572
2.001157
2.494217
2.308144
2.257679
2.272854
2.593204
2.418599
2.284795
2.002499
2.097189
1.997171
2.640714
2.018287
2.194352
2.066878
2.375697
2.107847
2.069402
2.152202
2.729042
2.730174
2.105062
2.283122
1.978019
2.025007
2.231815
2.122311
1.863115
2.287319
1.908221
2.092431
1.895800
2.113737
2.315396
2.309786
2.084437
2.088013
2.314815
1.803134
2.130374
2.181281
2.203327
2.260824
2.436029
2.664684
2.238937
2.132358
2.108738
2.085369
2.616954
2.191537
2.163199
2.644238
2.717912
2.619616
1.930598
2.014660
2.129192
2.312861
1.939032
1.898133
2.106934
2.371539
1.966809
2.094654
2.525268
2.236162
2.089675
2.143196
2.097088
2.105653
2.038890
2.109489
2.247781
2.238486
1.881466
2.332554
1.950822
1.988445
2.017153
2.176872
2.343853
2.107836
2.679657
2.034723
2.332033
1.977897
1.876727
2.235020
2.222529
2.180729
2.038489
2.643147
2.214375
1.710388
1.940154
2.661377
1.863435
2.072206
2.338133
1.892023
2.817019
2.092259
2.138908
2.115639
2.760494
2.130213
2.534884
2.628352
2.113045
2.226155
2.726927
2.608919
2.197036
2.152622
2.051471
2.554167
2.080761
2.023163
1.996038
2.348131
2.130314
1.951783
1.902491
2.259321
2.135592
2.137345
2.014559
2.047273
2.611352
2.060225
1.968090
2.067076
2.441516
2.307011
2.726585
1.940463
2.031427
2.760032
2.410334
2.264037
2.152941
2.035203
2.043798
2.338683
2.469193
2.480082
1.963292
1.935235
2.418558
3.863348
3.998134
2.460879
2.096486
1.904974
1.911215
2.108997
2.528874
2.151969
2.665683
2.183993
2.064563
2.208996
2.283551
2.180788
1.905165
1.769226
2.045921
2.185275
1.916904
2.388858
1.927863
2.182702
1.874973
2.144658
1.622338
2.144917
1.971656
2.227056
2.060726
1.949569
1.994605
2.017724
2.087762
2.049417
1.968180
2.060746
2.729171
2.221797
2.224091
2.619846
2.321264
2.204728
2.904766
2.122300
1.965726
2.291134
2.039821
2.241840
1.936667
2.173145
1.936938
2.309184
2.310065
2.323467
2.108355
2.255462
1.882245
2.151338
2.409281
2.254741
2.146760
2.214453
2.070020
2.090184
2.294759
2.033579
2.265820
1.972687
2.075340
2.126747
2.080599
1.926870
2.105079
2.746799
2.036935
1.709154
1.792143
1.857213
2.224711
1.892943
2.458074
2.331791
2.055466
2.194180
2.020468
2.186096
2.181118
2.685255
2.635211
2.735530
2.204587
1.667594
2.186347
2.146219
2.044247
2.316795
2.039710
2.003639
2.200901
2.599161
2.140289
2.210317
2.112642
2.077393
2.538078
2.204868
1.748280
1.945141
2.069379
1.886964
2.199539
1.828334
2.211138
2.165842
2.157467
2.319700
2.650026
2.187528
2.458384
2.215896
2.073487
2.185555
2.611472
1.984056
1.989315
2.006144
2.013736
2.003499
2.046080
2.075950
2.543526
2.663979
2.599109
2.283429
2.211528
2.683131
2.286765
2.073636
2.177401
1.807308
2.674576
2.049396
2.196383
2.093150
2.258087
2.617540
2.419868
2.160061
2.110308
1.992550
2.137142
2.221114
2.211098
2.217568
2.018674
2.016811
1.928413
2.786385
2.024604
2.066484
2.464914
2.086858
1.966376
2.116348
1.881213
2.790351
2.088040
2.124582
2.308862
2.539639
2.643885
2.280054
2.873050
2.185224
2.001595
1.983545
2.156736
2.077463
2.246547
2.055917
2.053443
2.006614
1.897580
2.368642
2.730790
2.223938
2.098098
2.365376
1.586698
1.854848
2.112342
2.161333
2.080507
2.114064
2.001495
2.178803
1.987321
2.145186
1.827733
1.935194
2.005331
1.994923
2.071542
2.149523
2.544978
2.125302
1.859626
1.763855
2.013344
2.097335
2.515008
2.646728
2.653700
2.295719
2.045268
1.991117
1.902497
2.119102
1.874811
2.006783
2.066253
2.177320
2.499160
1.961507
1.973206
2.001725
2.005631
2.035401
1.918896
2.076009
1.998509
1.974830
2.593499
2.342006
2.049425
2.672441
1.904611
1.872026
2.217728
2.067886
1.905753
1.966085
2.020787
1.860317
1.868651
2.080757
2.410381
2.388275
2.795139
2.590625
2.550126
2.678793
2.080958
2.257585
2.372659
2.512573
2.037324
2.054413
2.147780
1.973617
2.138294
1.958692
1.983584
1.997117
2.068156
2.153029
2.086287
1.944258
2.641460
2.583622
1.510389
1.962339
2.092637
1.992609
2.496506
2.813529
2.673574
2.637203
1.965073
1.946691
2.139015
2.631102
2.080326
2.663907
2.072853
2.333842
2.044456
2.131362
2.674124
2.113342
2.028348
2.628908
2.621576
1.634367
2.152677
2.042843
2.516238
2.322242
2.106440
1.989142
2.321712
2.161041
2.332831
1.716985
2.293825
2.226421
2.190692
2.323004
2.558580
1.720731
2.377125
2.515738
3.304413
2.678872
2.393823
2.112200
1.917602
1.573214
1.788986
2.648000
2.463350
2.350690
2.469971
1.538295
2.512002
1.626734
2.345892
1.628967
1.594629
2.294476
1.621435
1.597625
2.049234
1.932628
1.633265
2.048893
2.446241
2.278960
2.169687
2.426778
2.247157
2.237881
2.279471
1.954876
1.906744
1.955947
2.152327
2.197282
2.037444
2.298302
2.487089
1.629408
1.771998
2.150062
2.139495
2.538565
1.965543
1.656653
2.011509
2.078432
1.940640
2.033256
2.489172
1.976050
2.125882
1.810713
2.178029
1.884807
2.568856
2.082008
2.166860
2.162122
2.252225
2.343768
2.718888
2.416730
2.583300
2.526756
2.352583
1.774651
2.019743
1.872576
1.953772
2.022298
1.760618
1.925676
2.393892
2.046989
1.892039
2.702741
2.038475
2.536933
2.615694
2.015667
2.054743
2.182968
2.701569
1.883564
2.112340
1.888163
1.944407
2.052358
2.026815
2.336486
2.725088
2.077471
2.546638
2.070218
2.290308
2.123016
1.834282
2.119481
2.112660
2.115274
2.206127
2.050415
2.210213
2.798161
2.016799
2.304001
2.108202
2.078853
2.159528
2.175815
1.946902
2.020054
2.184800
2.324736
2.305643
2.046037
2.018941
2.586625
1.915978
1.843247
2.482069
2.075707
2.077230
2.271526
2.277506
1.995462
2.182807
1.888893
1.980477
2.167672
2.453521
2.360064
2.059640
2.079433
2.127684
2.547639
2.158275
2.312084
2.333911
1.519352
2.038163
1.990954
2.221912
2.137530
1.927688
1.845891
1.675254
2.053049
2.047690
2.046839
2.066742
2.171387
2.191811
1.968006
2.096872
2.066822
2.261960
1.819036
2.317363
2.129877
2.350709
2.013152
2.262150
1.973435
2.181925
2.010307
1.929241
2.076017
2.166509
2.339530
2.023809
2.109623
2.048051
2.253275
1.922610
2.018160
1.983572
1.988089
2.104716
1.969098
2.235705
2.011298
2.577089
1.999059
1.974527
2.020464
2.367857
1.988009
1.797009
2.109683
2.178979
2.604695
2.153256
2.230315
2.322971
2.766697
1.978553
2.338568
2.247976
2.654809
2.080043
2.079262
2.310040
2.135977
1.778517
1.989822
2.090270
2.358511
2.081866
2.485654
2.040337
2.214960
2.131950
2.078461
2.051405
1.976500
1.962016
2.567542
2.039846
2.327599
2.027756
2.012600
2.244920
1.954002
2.082477
2.140846
1.898699
2.118177
2.140796
2.007632
2.045265
2.384514
2.511948
2.685080
2.149099
2.033264
2.602350
1.826768
2.193484
2.241044
2.195297
2.082548
2.582227
2.038964
2.819025
2.035709
1.885988
2.019161
2.041308
2.653898
2.774179
2.261589
2.349716
2.095720
2.442923
2.342675
2.679871
2.363790
1.959491
2.146195
2.570286
1.984303
1.950937
1.971962
2.408474
1.901202
1.887480
2.050924
2.243236
2.118236
2.411559
2.030079
2.148558
2.732549
2.121622
2.002782
1.861877
2.056393
2.441570
2.047709
2.089990
2.426575
2.706715
2.188816
2.009624
2.039575
2.097422
1.996071
2.472652
1.949764
2.464148
2.475587
2.136918
2.051765
2.174762
2.263461
2.077539
2.336543
2.552856
2.091683
2.278566
2.018931
2.165917
1.963237
2.572700
2.125580
2.573231
2.055562
2.448922
1.980656
2.377231
2.357308
1.968816
2.105936
2.090099
2.194736
2.021625
2.073972
2.146224
2.088347
2.141716
3.760975
3.921765
4.028735
4.300020
3.781329
3.874106
3.994898
4.050351
4.092622
3.751600
2.552296
2.057465
2.430972
2.324112
2.197049
2.275611
2.078350
2.481828
1.936271
2.105976
2.098243
1.947269
2.243006
2.154537
2.634002
2.534956
2.554178
1.988088
2.216892
2.116493
2.596158
2.089719
2.076726
2.127421
2.237617
2.448751
2.130227
2.056253
2.370460
2.805671
2.265864
2.608370
1.970709
1.856166
1.963587
2.488848
2.110854
2.432805
2.176434
2.758321
2.008502
2.241142
2.486704
1.983751
2.052747
2.138019
2.122133
2.123926
2.018729
2.065187
2.306602
2.082386
2.066459
2.582646
2.105816
2.140824
2.070476
3.084248
3.436640
3.874224
3.690226
2.441729
1.872404
2.147205
1.910026
2.101808
2.310970
2.022115
1.956886
1.836574
1.892608
1.821599
2.176403
2.053838
1.975136
2.048219
2.500718
2.112066
2.158785
2.049721
2.148166
2.105595
1.821287
1.956404
2.665204
2.765812
2.087995
1.783774
2.175081
1.943242
2.173599
2.101858
2.437681
2.504234
2.241282
1.991483
2.202427
2.298268
2.086582
2.440046
3.717700
3.631355
3.746979
3.806690
3.541795
3.842790
3.588012
3.797174
3.783561
3.880053
3.867161
4.066907
3.751568
3.766072
3.833945
4.042415
3.985190
3.600925
3.817157
3.707654
3.767494
3.840586
3.858947
3.753671
3.662157
3.605101
3.758209
3.730431
4.533449
3.820332
3.857725
3.997100
4.228537
3.869665
3.889178
3.774566
3.795582
3.641463
3.795020
2.457855
2.038091
1.918120
2.083377
2.077147
2.030479
2.009022
2.248895
2.019950
2.090199
2.250968
2.700903
2.639351
2.137348
2.538741
2.120269
2.693712
1.958537
1.626260
2.174220
1.969145
2.163180
1.935478
1.917238
1.988297
2.108439
2.222840
2.718903
2.392665
2.593944
1.666307
1.841700
2.238036
2.165595
1.983689
2.379624
2.048578
2.516994
2.461842
2.570133
2.011015
2.144689
1.998233
1.899297
2.152693
1.487647
2.054328
2.172235
2.718933
1.847992
1.953528
2.062561
1.967943
1.898887
1.858389
2.044251
2.217562
2.077487
2.090158
2.172186
2.314865
2.417066
2.011936
1.925401
2.162489
2.650919
2.137677
2.032611
2.288601
2.142105
2.064976
1.617014
1.976528
1.943541
2.096890
2.131558
2.088104
1.882079
2.073590
2.000037
2.039773
2.238187
2.686969
2.012808
2.282821
2.175801
2.132329
2.222700
2.141634
2.818781
2.195195
2.112565
2.119627
2.194273
2.353008
2.294020
1.958236
2.494946
2.112525
2.529023
2.023606
2.176191
2.141313
1.990690
2.539661
2.144077
2.527431
3.821762
3.642011
3.693267
3.679585
3.708292
3.853295
3.519586
3.513515
3.696543
3.686345
3.618641
3.722275
3.615606
4.016610
3.842858
3.819869
3.583463
3.678022
3.679995
3.802110
3.685424
3.710346
3.828644
3.742019
2.454739
2.634160
2.145780
2.185908
2.112585
2.223581
1.562131
1.866112
1.822178
2.227818
2.416955
2.819901
2.426912
2.024617
2.412619
2.487544
2.006598
2.213725
2.022103
2.591498
2.006877
1.995458
2.120298
2.450662
2.068621
2.153493
1.978209
1.947778
2.081553
2.236443
1.979842
2.022003
2.151270
2.232196
2.039603
2.026711
2.676051
2.267856
2.166265
2.070765
2.046955
2.143707
2.137096
2.108277
2.525908
2.634620
2.321284
2.073970
2.511483
2.781406
1.611643
2.053515
1.952135
2.156979
2.162408
2.164070
2.201734
2.131556
2.057822
2.603288
1.951304
2.209015
2.055418
1.993765
2.074520
2.121379
1.931431
2.120698
1.988606
1.974081
1.956202
1.942659
1.737646
1.840889
1.882989
1.837622
1.975494
2.581692
1.995407
2.030907
1.967861
1.947107
1.903994
2.096597
2.390411
1.951224
2.398273
2.364577
2.388578
2.607785
1.929197
1.833506
2.143325
1.905767
1.882188
2.174708
2.111232
2.059455
2.008620
2.078667
2.074610
2.126798
2.046413
1.887977
2.048246
1.713635
2.610620
1.939434
2.019057
2.042466
2.070724
2.173256
2.218853
2.065816
1.507729
2.588142
2.067379
2.192048
2.137816
2.217079
2.135832
2.181460
2.648994
2.561427
2.627146
2.582331
2.325611
2.244855
3.922509
3.545798
3.913554
3.615023
4.177577
3.804762
3.664336
3.663706
3.829123
3.803520
3.671439
3.836014
3.536502
3.778768
3.559070
3.669685
2.423556
2.043097
2.152040
2.012556
2.046543
2.393384
2.090367
2.358606
2.009971
2.131485
2.145568
2.011153
2.403371
2.313671
2.027340
1.946475
2.345524
2.363645
2.318049
2.526708
2.008429
1.520470
2.071204
1.980332
1.957995
2.021821
2.050550
2.239897
2.007968
2.145549
2.258788
2.687197
2.685274
2.044139
2.164972
2.205439
2.403411
2.141822
2.189262
2.353047
2.084236
2.524765
2.367972
2.074429
2.436668
2.319411
2.425448
2.126156
2.109929
2.621166
2.419788
2.100022
2.136934
2.349179
1.999884
2.387965
2.408840
1.845405
2.371717
2.248241
2.222397
2.041584
1.908151
2.594531
2.090926
2.383758
2.873129
1.942497
1.970926
2.049467
2.303804
2.198767
1.768536
2.156016
2.003490
2.304204
2.034051
2.016973
2.032969
2.070612
2.314161
1.932300
1.568089
1.988905
1.895519
2.066916
2.469641
1.983607
2.147842
2.050809
2.646348
1.805468
2.346094
2.673965
2.311867
2.369313
2.263967
2.410813
1.923706
2.167305
1.923987
2.184544
2.266231
2.157849
1.926110
2.556928
2.494823
2.233756
2.173325
2.029633
1.969964
1.883980
1.884991
2.105221
2.596795
1.935175
2.533089
2.084997
2.048566
2.334315
1.950842
1.973069
2.323477
2.727093
2.611038
2.407677
2.403851
1.921582
2.099811
2.233665
2.507965
1.929035
2.421440
1.980651
2.019657
1.967840
2.493902
1.994575
2.094612
2.023232
2.219261
2.210867
2.221194
2.109607
1.941886
2.531334
2.147641
2.079557
2.277809
2.273973
2.860617
2.407837
2.479357
2.405443
2.615175
2.370234
2.393273
1.826342
2.440873
2.633215
1.770219
2.380852
2.588130
1.709947
2.541902
3.040428
2.185224
2.070251
2.087420
2.339944
2.584023
2.340255
1.932039
1.664761
2.443237
2.401266
2.378919
2.693407
1.854379
1.562150
2.618380
2.125103
2.156516
2.018805
1.618704
2.323436
1.980891
1.898103
1.740398
1.717710
1.835858
2.270928
2.589552
1.811097
2.483955
2.392010
2.489934
1.568470
2.593408
2.419697
2.626984
2.901624
2.658788
2.294187
2.448394
2.331900
2.498508
2.428732
2.384958
2.405062
2.117360
2.649792
1.972527
2.090565
2.598116
2.041172
2.049035
2.082041
2.257004
2.056317
2.055576
2.167865
1.973379
2.651215
2.193217
2.173424
2.235618
2.246637
2.126314
2.204506
2.106031
2.149524
1.961639
2.817183
2.061306
2.258186
2.169487
2.086729
2.014127
2.525274
2.105490
1.962961
1.933491
2.178522
2.032728
1.936226
2.075700
2.119613
2.071924
2.012113
2.075740
1.865097
2.074698
2.397900
2.455436
2.037025
2.561544
2.101794
2.550957
2.439610
2.645906
2.093600
2.379729
2.106491
2.185164
2.001526
2.207722
2.151197
2.138665
1.991058
2.315752
1.922383
2.218839
2.065432
2.560232
2.098638
2.631861
2.486739
2.243080
2.627655
1.949007
2.022740
1.773373
2.178241
2.371465
2.143322
1.577614
1.898683
1.968310
1.970994
1.768754
2.102163
1.992820
2.010570
1.993682
2.134267
2.007295
2.576880
2.169787
2.138385
2.138084
2.007796
2.071993
2.089332
1.945922
2.516648
2.646656
2.161974
1.898423
2.160562
1.866378
2.061536
2.516227
1.977214
1.818078
2.545247
2.151286
2.101764
2.572352
2.050027
2.118100
2.010180
2.521356
2.246976
2.002236
2.021999
2.528728
2.035102
2.018924
1.665522
1.824177
1.899254
1.965816
1.999221
1.896399
2.075189
2.603965
1.974290
2.215424
2.164468
2.250923
1.919127
1.845904
2.002005
2.285020
2.061866
2.347625
1.990676
2.113672
2.112310
1.960355
1.958833
2.117839
2.526284
2.093900
2.019134
2.066834
2.134577
2.043124
2.125873
2.171499
2.526253
2.169225
2.032807
2.042353
2.121316
1.911774
1.609347
1.980670
1.962509
1.930155
2.527186
2.140517
2.033388
2.393812
2.190100
1.991568
2.117408
2.187917
1.581160
1.985498
2.068797
1.838381
2.100520
2.083131
2.154942
2.021998
1.836628
1.969260
1.791192
2.033117
2.603884
2.462427
2.117729
1.983213
2.189901
2.134297
2.624037
2.105309
2.042433
2.116978
2.088871
2.336145
2.382954
2.509025
2.319257
2.565108
1.974138
2.098477
1.979878
2.128377
2.071351
2.106099
1.777219
1.909110
2.455735
1.941644
1.984366
2.139667
2.104287
1.982703
2.084213
2.338379
2.041110
2.070009
2.204744
2.099549
2.057898
2.130621
2.696969
2.562885
2.159739
2.310512
2.523399
2.023461
2.515305
2.048242
2.042222
2.021388
2.164277
2.060523
2.022560
2.259306
2.085725
1.511353
1.941834
2.617186
2.468156
2.044526
2.180885
2.201509
1.951720
1.982272
1.691495
2.106800
1.823816
2.123999
2.165027
2.248077
2.445718
1.491139
1.887763
2.077371
2.096192
2.191002
2.030011
2.031093
1.926167
2.569996
2.347704
2.477401
2.003447
1.896538
1.899723
1.969550
1.913206
2.010850
2.029130
1.999100
2.019705
2.141498
2.099348
2.102343
2.206147
3.052305
2.156934
2.027408
2.215482
2.191733
2.221773
2.212507
2.066433
2.027748
2.083371
2.530370
1.649715
1.983153
2.034118
1.962168
1.902848
2.020695
2.044045
2.004378
2.035610
1.908317
2.674561
2.505828
2.510446
2.097263
2.566520
1.940651
1.894915
1.995824
2.517678
1.918104
2.066292
1.901366
1.978195
2.548199
2.113180
2.037413
1.989132
1.942485
1.959913
2.143071
2.041350
2.194717
2.018612
1.726432
2.516637
1.920507
2.193775
2.165688
2.223836
2.052559
2.161121
1.879519
2.101831
2.104766
2.569485
1.978334
2.043012
2.319647
2.169545
2.136870
2.162503
2.177328
2.676404
2.079253
1.991487
2.169505
2.209001
1.851683
2.584210
2.214901
2.209753
2.067654
1.634618
2.169855
2.241756
2.104877
2.247656
1.933269
2.047691
2.045206
2.006131
2.015967
2.564486
2.428849
2.463537
2.091414
2.166140
1.945329
2.147298
1.949937
2.519701
2.108342
2.507861
2.556382
2.505507
2.231388
2.443784
2.397436
2.111768
2.100899
1.969910
1.979606
2.244129
2.035810
2.089931
2.020745
2.078542
1.888363
1.980838
2.099998
2.065490
2.039697
2.139023
2.011229
1.944117
2.599284
2.415045
2.421436
2.338788
2.020074
2.599916
2.079304
1.842496
2.059460
2.024842
2.655739
1.995463
2.150443
2.749747
4.058278
4.250651
3.757574
3.880441
4.149291
4.461073
3.894734
3.965342
3.937356
3.807097
4.123388
4.136860
3.921649
3.667133
3.725351
3.876623
3.887482
3.819267
3.850961
4.043103
4.219108
3.720192
3.876003
3.648772
3.888764
4.063036
4.214850
3.949967
3.959934
4.014255
3.814019
3.857772
3.868661
3.812637
3.897609
3.994421
3.641139
3.846563
3.818275
3.563699
4.081155
4.151353
4.174111
4.255187
3.616397
3.671018
3.779781
3.655212
4.242646
3.799093
3.731400
4.010948
4.154037
3.721232
3.631132
3.429384
3.591235
3.710114
3.800285
3.427741
3.645836
3.547452
4.258483
3.616267
3.882603
4.059199
3.849137
4.075006
3.312078
3.988781
3.624521
3.907725
3.405023
4.165006
3.616507
3.817063
3.400025
3.724048
3.673953
3.396329
3.606661
3.670097
3.933077
4.129226
3.750501
3.847064
3.905792
3.894593
3.859474
3.974016
3.969338
3.975018
3.995422
4.013001
3.632784
3.936193
4.173230
4.067663
3.650585
3.768932
3.976851
3.889685
4.056124
3.758024
4.010638
4.101480
3.805635
3.790198
3.886309
4.110295
3.924663
3.842005
3.705837
4.019252
3.849808
3.851590
3.841914
3.791409
3.936542
3.775703
4.087736
3.898048
3.909177
4.335711
4.202648
4.098764
3.730748
3.825387
3.531574
3.948472
3.715753
3.706457
3.761799
4.038623
4.236635
3.978282
4.013511
4.042701
4.454891
4.130497
3.654260
4.055130
4.165145
4.300582
4.223893
3.935962
4.580270
4.169412
3.861076
3.617769
3.634666
3.864732
3.864401
4.002142
3.863180
3.810071
3.892098
3.972473
3.799202
3.824614
4.226027
4.147326
4.470226
3.942803
3.497447
3.761139
4.020964
3.861256
3.992326
4.031782
3.875490
4.455050
4.262608
4.185720
3.983300
4.022616
4.146153
3.821420
4.055983
3.991344
4.328338
3.962186
4.013221
3.877694
4.132079
3.929271
3.785449
3.919344
3.849206
4.159555
3.720480
3.785159
3.939636
3.933437
3.809769
4.234560
3.843055
3.803849
3.748607
3.945015
3.934388
3.769291
3.710162
3.797849
3.725317
3.850568
3.535270
3.752453
3.573393
4.126760
4.115421
3.686273
3.800334
4.186650
4.063494
3.905850
3.875840
3.693004
3.766227
3.781401
3.493961
3.708079
3.705314
3.968044
3.912441
3.723685
3.601340
3.785318
3.858040
3.958878
3.927586
3.811572
3.964658
3.837386
3.907212
3.582008
3.935069
4.134362
4.081615
3.770664
4.043811
3.802016
4.002843
3.877934
3.633354
3.800654
3.829912
2.780776
2.250408
2.417077
2.028396
1.976700
2.190769
2.003935
2.136478
2.590448
2.142057
2.072991
2.029358
2.366563
1.896846
2.032253
1.790028
1.899731
2.188385
2.014663
1.791510
1.992175
1.851270
2.854950
2.549227
2.005879
2.204030
3.247828
2.624123
2.337503
2.414523
2.602567
2.117425
1.978322
2.717870
2.096751
2.168891
2.660474
2.305620
1.973194
2.295924
2.580139
1.999237
2.177766
2.072379
2.271362
2.083718
2.592109
2.098393
1.938846
2.004746
2.137438
2.012079
2.049922
1.944696
2.438733
2.558033
2.114079
2.123125
2.436720
2.632337
1.981487
2.553835
2.173999
2.396602
2.759760
2.783380
2.158734
2.072520
2.247573
2.472750
1.976579
2.137859
2.014523
2.640751
1.950565
2.176183
1.995431
1.911771
2.200584
2.041318
2.643586
2.318191
2.544840
2.203940
2.200474
2.197800
2.699059
2.111374
2.130917
2.456292
2.115842
2.518106
2.234681
1.961985
1.976959
2.659101
2.016456
2.712781
2.479881
2.181783
2.167368
2.474091
2.353710
2.629552
2.072449
2.046205
2.808772
2.583805
2.055691
2.134634
2.196778
2.123444
2.416144
2.083918
1.903457
2.102880
2.081865
2.186080
1.869610
2.094887
2.190717
2.057925
2.109522
2.086773
2.020442
2.296644
2.060298
2.514689
2.125278
2.099515
2.398605
2.504392
1.995591
1.955454
2.229492
2.540423
1.925332
2.052215
2.077357
2.178757
2.058787
1.990241
2.137999
1.968686
2.497881
2.155499
2.196637
1.935059
2.037841
2.252951
1.905199
2.014763
2.260674
2.244076
2.416565
2.178977
1.645164
2.524967
2.390291
2.419741
1.476962
1.967303
2.409985
2.005407
2.065929
2.041156
2.026753
2.018169
2.159976
1.861246
2.193031
2.536806
2.344163
2.013410
2.947243
2.086903
2.140082
2.709686
2.639238
2.053597
2.094796
2.089206
2.036819
2.346567
2.072759
2.009844
1.898668
2.427352
2.035557
1.947229
2.134743
2.057824
2.188964
2.434054
2.103150
3.574653
3.711522
3.677405
3.855122
3.678487
4.794375
5.132670
5.774304
5.541094
5.487575
5.659873
2.080252
2.092933
2.010094
2.123945
2.105614
2.223832
2.147404
2.138790
3.117998
2.155457
2.294199
2.164703
2.033724
2.054989
1.941509
1.897616
2.117744
2.131517
2.082256
2.108540
2.098953
2.040966
2.048478
2.166666
1.546679
1.815249
2.573047
2.437720
2.323639
2.154165
1.951767
1.971920
1.986334
1.746062
2.107828
2.636563
2.693818
2.118124
2.796660
2.231935
2.224402
2.135334
3.562411
3.364340
2.556899
2.091740
1.895031
2.042899
2.629290
2.096458
2.638835
2.106426
1.913792
1.882941
2.096248
1.999496
1.954170
2.472878
2.182292
2.055930
1.971098
2.330409
1.948761
2.018749
2.151571
2.057794
2.172736
2.235151
2.255685
2.068492
2.103129
1.871622
2.116271
2.486070
2.093444
2.105333
2.728385
2.082886
2.009403
2.996484
2.041808
2.070375
2.397402
1.986013
2.236212
1.975346
2.004424
2.001129
2.369576
1.956323
1.930791
2.017466
2.597196
2.240810
2.032652
2.574488
2.297345
2.522272
2.040575
1.999987
2.433672
2.464805
2.039102
1.929029
2.004905
1.845689
2.072819
2.085581
1.955201
2.120168
2.337081
2.632635
2.023235
2.003422
2.358677
2.056421
1.695407
2.639396
1.669113
2.006186
2.463231
2.088685
2.066367
2.380373
2.089426
2.185346
1.976406
1.900480
1.889551
2.531226
2.268265
2.662014
2.519756
1.947448
2.420761
2.145219
2.087153
1.933425
1.949292
2.565933
2.266322
2.321745
2.067620
2.658488
2.667574
2.084328
2.298727
2.198900
2.129283
2.327104
2.282629
2.103250
2.538948
2.464714
2.565262
2.554004
2.881731
2.588401
2.282219
2.675277
2.208836
1.977538
2.055159
2.087362
2.276269
1.930661
2.024969
1.755657
1.979983
2.078728
1.761557
2.073580
2.179777
2.096007
1.899778
2.121750
1.977620
2.063091
1.988297
2.357194
1.995128
1.982327
2.033593
1.872403
2.212652
2.716064
2.250104
2.454856
2.006006
2.006938
2.483675
2.479959
2.328836
2.306749
2.158641
2.060367
2.211330
2.357034
2.509268
2.143776
2.070173
1.927364
2.568978
1.982297
2.050861
2.095516
2.002730
2.645987
1.505659
1.984710
2.550076
2.541041
2.044080
2.524293
2.011004
2.629419
2.061418
1.963775
1.868836
1.835591
1.934597
1.957935
1.849284
1.926323
2.345474
2.211790
1.828579
1.959388
1.930399
2.156287
2.171152
2.592878
2.398533
1.706225
1.977839
2.078006
2.174118
1.995308
2.454567
2.002941
2.077025
2.047806
2.460326
1.909505
2.330148
1.904076
2.110360
1.989098
2.007599
2.204619
1.899308
2.152592
2.226735
1.862736
2.092661
1.886926
2.529082
2.409921
2.010724
2.601361
1.724735
1.857898
2.619172
2.225483
2.165934
2.507144
2.055708
2.485979
2.425376
2.498950
1.975244
2.399394
2.207613
2.343691
2.580637
2.034593
2.043428
2.196054
1.986423
1.985571
1.951625
1.935007
2.014140
2.460967
1.898866
2.085178
2.158982
2.000927
2.337581
2.126037
3.769075
3.799596
2.433711
2.200231
1.947899
2.548002
1.949842
1.951064
2.104230
1.949892
2.034553
1.959698
2.596864
2.007008
1.521025
1.892716
1.751089
1.932472
1.837824
1.817290
2.077205
1.877491
2.185215
2.287627
1.999435
1.964767
1.917758
1.890101
2.195142
2.564510
2.004723
1.847961
2.132467
1.924389
2.170410
2.110280
2.068110
3.502529
2.525214
2.295110
2.083936
2.451330
2.013598
2.547101
1.947368
2.586456
2.002739
2.550295
1.974092
2.093421
2.628827
2.165993
2.585795
2.581077
2.178353
2.020559
2.175169
2.145008
2.275015
2.402879
2.160944
2.143846
2.291452
2.063531
2.249182
2.695318
2.123271
2.104309
2.023435
2.200621
2.767149
2.540539
2.094493
2.076133
1.919541
2.334915
2.089775
2.100393
2.019688
2.100974
2.147622
2.153672
1.539836
1.986923
2.663605
2.036797
2.240357
2.184363
2.293807
2.230941
2.500062
2.079077
2.767839
1.981213
2.089344
2.829362
2.051832
2.466064
2.075281
2.050129
2.192857
2.570319
2.200510
2.294568
2.046322
2.045912
2.263106
1.888388
2.023404
2.080781
2.283479
2.632834
2.156897
1.900318
2.096677
2.656393
1.686561
1.954309
2.139389
2.295859
2.089375
1.793088
2.001077
2.621303
2.145348
2.121919
2.689648
2.101935
2.577912
1.987684
2.787992
2.092019
2.167925
2.005634
2.110760
2.140059
2.634896
2.030756
1.858178
1.962973
2.002940
2.379970
2.044479
2.054276
2.074951
2.178834
2.668252
1.977988
2.374861
2.316895
2.093912
2.576078
2.797018
1.983007
2.399132
1.951454
2.002138
1.948448
2.100072
2.157148
2.035914
1.981283
2.063411
2.628886
2.062940
2.432949
2.106994
2.050148
2.182410
2.526585
2.674593
2.146700
2.043427
2.117601
1.926321
2.177201
2.559020
2.228066
2.387863
2.335195
2.489813
2.013998
2.020248
2.181017
2.364945
2.006696
2.158139
2.544015
2.180416
2.021400
2.509677
2.464522
2.156316
2.579192
2.295118
2.090526
1.934465
1.916484
1.977727
2.671447
2.074369
1.883460
2.115798
1.958765
2.799000
2.173414
1.580643
1.799579
2.046552
1.882998
1.948669
2.135060
2.503766
2.118713
1.803426
1.823359
2.009100
2.137404
2.043947
2.254970
2.091537
2.024155
2.372788
2.122139
2.203494
2.075671
2.309302
2.143865
2.006825
2.569446
2.047804
1.952555
2.410441
2.017303
2.066035
2.065104
1.916234
1.932342
2.580205
1.449434
1.992712
1.622092
2.029183
2.062378
1.918718
1.920641
1.910545
1.948699
1.952214
1.842300
1.911967
2.044859
2.081430
2.211588
1.984799
2.446431
2.587527
1.988105
2.416621
2.013486
2.799201
1.982145
1.958254
2.053314
2.081000
1.810768
1.895199
1.965667
2.056719
2.019106
2.023283
1.982925
2.231371
3.916488
3.806705
3.645014
3.719989
3.544366
3.675956
3.618841
1.481667
2.015931
1.941096
2.038678
2.545446
2.497696
1.655277
1.864127
1.956051
1.776280
1.978668
2.020117
2.282436
2.067076
2.030705
2.612749
1.940444
2.641917
1.880043
1.800760
1.793880
1.512319
1.963122
1.855772
2.059644
2.098178
1.880635
2.157377
2.477212
1.677154
1.957944
1.869285
1.918738
1.976775
1.892094
2.537943
2.210786
1.882297
2.220683
2.053463
2.218790
2.155283
2.131484
2.110578
1.983076
2.030455
2.609954
2.153110
1.929786
1.985580
2.122118
2.646265
1.998722
2.162015
2.121898
2.033520
2.040391
2.703880
2.425946
2.089323
1.941957
2.094462
1.516365
2.088252
2.102696
2.147400
2.088421
1.930338
1.521584
2.161183
1.618215
2.346843
2.078565
1.863916
1.747191
1.932590
2.121957
2.205938
2.519662
2.165731
2.186064
2.609533
2.204486
2.358794
2.167694
2.197374
2.094351
2.142672
1.974941
2.123791
2.233854
2.269844
2.518810
2.090344
2.085336
2.164819
2.338429
2.463138
2.046591
2.052682
2.019036
2.226873
2.066655
1.915352
1.844494
2.228546
2.156815
2.204916
2.205427
2.512891
2.211998
2.256181
2.081950
2.108886
2.203965
2.149823
2.381782
1.941746
2.044318
2.437425
1.934284
1.893576
1.997810
2.076071
2.030625
2.181567
2.149534
2.002097
1.920760
2.221584
2.041302
2.566370
2.100652
2.101543
2.365034
2.003278
1.588806
2.419584
2.042433
1.939602
1.973008
2.128417
1.965386
2.261751
2.102995
1.875705
2.115697
2.134528
1.933462
2.256622
2.024784
2.119122
2.154752
2.263774
2.038718
2.452729
2.070281
1.771321
1.906898
2.109206
1.950981
2.155142
2.149814
2.622744
1.615821
1.943699
2.183179
1.948296
2.096013
2.596070
2.152198
3.833818
4.065886
3.862396
3.687704
3.827157
3.730065
3.580635
3.669574
3.748386
4.143786
2.411561
3.785537
3.955482
3.683297
3.853381
3.863818
3.768779
3.782592
3.682545
3.967071
4.096999
3.909696
3.819294
3.602451
3.561824
3.663554
3.748416
3.999556
3.721852
3.916697
2.520883
2.059643
2.625729
2.022591
2.158629
2.290809
2.045009
2.489872
2.112391
2.338950
1.950190
2.048875
1.713955
2.138975
2.504216
2.143342
2.035722
2.074367
2.237560
1.919688
1.637197
2.033338
1.875976
2.458459
2.143573
2.180033
1.980350
2.001976
2.027919
1.953976
2.589488
2.526252
2.100140
2.024513
1.979429
2.288574
2.066934
2.150033
1.958313
2.289938
2.563845
2.193456
2.035302
2.489040
1.941795
1.921912
2.040059
1.872239
1.933732
2.545154
2.309180
1.886703
2.148191
2.465280
2.558856
1.890860
2.495240
2.450235
1.926540
1.663751
2.020246
2.014887
1.858937
1.951110
2.165940
2.081459
2.076390
1.991799
2.163877
2.129559
1.886123
2.138895
2.206057
2.159449
1.631297
2.005421
1.873481
2.281193
2.016591
2.943731
2.158598
2.073836
1.875845
1.917305
2.066644
2.048403
2.222205
2.240674
1.600795
2.413072
2.692880
2.547227
2.171619
1.499646
1.990276
2.391777
2.724593
1.990046
2.451707
1.996957
2.058680
2.766764
2.505617
2.396676
2.129930
2.261830
2.116587
2.490702
2.152788
1.472000
2.144894
2.087939
2.311763
2.143763
2.089532
2.034390
2.626770
2.343786
2.040169
2.169967
2.671184
2.608619
2.129028
2.335763
1.531600
2.052580
1.974039
1.964904
2.318504
2.014827
2.642847
2.922304
2.586793
2.344367
2.486195
2.493988
2.590129
2.496111
2.346571
2.471089
1.993832
2.318505
2.452639
2.277636
2.749435
1.738766
2.405310
2.392468
2.400011
2.239894
2.452679
2.479704
2.325145
1.731093
2.508883
1.563623
2.405309
1.695684
2.414024
2.446188
2.568993
2.594265
2.136711
2.119522
2.065291
1.849501
1.918205
1.627880
2.697297
2.717501
2.629083
2.570826
2.380548
2.204404
2.533643
2.449453
1.932960
2.007895
2.001895
2.007324
1.920529
2.527683
1.970593
2.320157
2.128266
2.527083
1.976302
2.554739
2.747160
2.092897
2.449212
2.513319
2.587333
2.108753
2.127926
2.055274
2.042122
2.162303
2.057108
2.048312
2.062406
2.024653
2.283416
1.949778
2.887395
2.080055
2.661437
2.598732
2.684646
2.497793
2.101862
2.251662
1.947094
1.863063
2.059461
2.178690
2.019825
2.029171
2.359302
2.748793
2.468986
2.010750
2.107812
2.071421
2.401363
2.403026
2.156423
2.063218
2.615500
1.965464
2.131733
2.167381
2.014476
2.090322
2.075739
2.175955
2.072854
2.199054
2.353633
2.320898
2.081808
2.617984
2.121284
2.107641
2.571135
1.988051
2.080866
1.981681
2.262501
1.475365
2.055544
2.537560
2.070329
2.429329
2.381268
2.201990
2.165017
2.178339
2.459098
2.015858
1.894615
2.093838
2.478541
1.645209
1.990125
2.149983
2.215491
2.003627
1.841657
2.207859
1.741721
2.113771
1.887264
1.953454
2.482648
2.343666
2.356367
1.976242
2.260316
2.403075
2.257963
2.031344
2.098547
2.158366
1.809022
2.155081
2.158246
1.943778
2.030373
2.525910
2.113411
2.088690
2.023712
2.138623
1.975531
1.854228
1.947414
2.047300
1.959864
1.960125
2.127394
2.052379
1.965754
2.173762
1.949998
2.097665
2.208911
1.934172
2.548568
2.032165
1.927150
2.742872
2.045898
2.111587
2.480224
2.518938
2.759500
2.499125
2.141187
2.099507
1.977513
1.987921
2.194646
2.107511
2.056165
2.027137
2.032215
1.919787
2.068145
1.934833
2.110366
2.002606
1.953283
2.392166
1.955647
2.049975
2.339398
2.078863
2.233993
2.092856
1.997667
2.726675
2.130118
2.099898
2.009767
2.524157
2.079704
2.180272
2.120592
2.215792
1.759429
2.021336
2.017250
2.463886
2.509362
2.363739
2.410837
2.506327
1.927090
2.193354
2.030432
1.924655
2.360163
2.341632
2.339478
2.255728
1.929644
2.482938
2.140386
1.946071
2.251972
1.969500
1.963280
1.911583
1.916942
1.786595
1.938609
1.987430
1.903360
2.102553
1.984796
1.864675
2.124489
1.945049
1.958281
2.079964
2.228072
2.127394
2.101991
2.016909
2.142028
2.021927
2.495328
2.106249
2.077280
2.454109
2.098365
2.208479
1.970201
2.046158
1.728647
2.130128
2.191671
2.456243
2.144813
2.302536
2.084222
2.277073
2.451595
2.096091
2.235203
2.013133
1.916491
2.345097
1.928922
2.213618
2.046809
2.333027
1.989744
2.105697
2.175444
1.942715
2.613165
2.462273
2.022979
2.054562
1.991036
2.039798
2.759739
2.595826
1.991126
2.458036
2.042101
1.887583
2.386436
1.963650
2.254336
2.123016
2.004619
2.219367
2.166779
2.573860
2.111477
1.927299
2.113570
2.072792
2.570554
2.484980
1.951240
2.044125
2.145073
2.654885
2.736552
2.203250
1.566236
1.992548
2.060272
2.081628
2.094468
2.307164
2.062526
2.644447
2.227270
1.818367
2.181824
2.021606
2.092075
2.471057
2.134436
2.816634
2.276512
2.627779
2.052869
1.767662
2.250148
2.171467
1.985296
2.154709
2.130468
2.003496
2.273517
2.266595
2.039206
1.951359
2.540674
2.131780
2.235403
2.395141
1.575001
2.052218
2.036131
2.763566
2.424439
2.025784
2.198131
2.093817
2.216772
2.004928
1.952661
2.623361
1.981921
2.540444
2.271494
1.999460
2.129918
2.669719
2.043563
2.535995
2.112017
2.835416
2.782688
2.207006
1.998658
2.023529
2.309146
2.078361
2.117356
1.954174
1.900564
1.967556
2.437120
1.764888
1.893193
2.095650
1.924054
2.145874
2.054341
2.091985
2.228342
2.131670
2.179120
2.215450
2.520029
2.182575
2.287741
2.655876
2.310248
2.296455
2.215429
2.079803
2.416346
2.042030
2.088618
2.554046
2.187984
2.005940
2.063967
2.258812
1.958952
2.132662
1.998929
2.338665
2.009456
1.777819
2.003706
1.783058
2.212665
2.041860
2.048952
2.689552
2.040878
1.963730
2.062624
2.127072
2.635862
1.882183
2.251069
2.028808
2.090571
1.950648
1.939049
1.772970
1.839753
1.751935
2.112629
1.915759
2.164945
1.859014
1.933268
2.001843
1.836367
2.144762
2.568359
2.197360
2.095590
2.031072
2.172278
4.093106
4.344576
3.963259
3.949726
3.641181
4.365721
3.796570
4.013192
4.181263
3.633207
3.904320
3.751165
3.859356
4.035469
3.752637
3.848748
3.988070
4.021426
4.164345
3.804985
3.881683
3.501367
4.003807
4.083419
3.840985
3.593971
3.871945
4.228160
4.127612
3.989452
3.648352
3.878817
4.054140
3.973325
3.557550
3.737892
3.908187
4.019011
4.153205
3.689672
3.462502
3.939067
3.480863
3.852483
4.006009
3.823765
4.088307
4.130899
4.256607
3.966994
3.952670
4.077268
4.002644
4.209439
3.889775
3.773310
3.865856
3.620916
3.713331
3.722126
3.514940
3.760339
3.845571
3.800547
3.658549
3.483677
3.683521
3.644456
2.236515
1.903959
2.142998
2.162531
2.201166
2.131098
1.875742
2.132191
2.013582
2.589724
1.886460
2.004698
2.075837
1.870434
1.983422
1.889876
1.987038
2.116324
2.015465
2.057616
2.052458
2.180712
2.531457
2.242104
1.958110
2.024490
2.408532
2.529945
1.969278
2.116575
2.345296
2.072751
1.918343
2.485340
1.875652
2.150070
2.538648
2.105846
2.344285
2.530595
2.519968
2.235993
2.504942
2.136728
2.239109
2.245600
2.043692
2.047519
2.039625
2.084491
2.271032
2.319453
2.089188
2.316838
1.912303
2.066059
2.082007
2.003024
1.982870
1.991566
2.036801
2.091362
2.279676
2.569961
1.918133
1.943345
2.478769
2.076888
2.197739
2.015656
1.926176
2.500325
2.337864
1.935662
1.846403
2.094337
2.402982
2.148718
2.351577
2.235803
2.560866
2.137299
1.936373
2.329940
1.892179
2.196497
1.897027
2.172717
2.090029
2.218764
2.214969
2.765538
2.187702
2.043241
2.243986
1.924253
2.788837
2.255787
2.021205
2.679884
2.092394
2.220127
2.226908
2.342992
2.477176
2.033385
2.174941
2.277492
2.174621
2.149258
2.239008
2.947060
2.305940
2.210040
2.172507
2.607563
2.154927
2.021816
1.857642
2.166206
2.584584
2.032353
2.039996
2.225646
2.167789
2.424297
2.193412
2.052166
2.215709
2.090330
2.243245
1.999118
2.153074
2.187312
2.239218
2.039495
1.941311
2.724098
2.023208
2.248324
2.565052
2.098073
2.215349
2.412537
2.672421
2.304717
2.152103
2.322317
2.014423
2.298266
2.309977
2.531677
2.132601
2.680645
2.146664
2.549246
2.098353
2.796238
2.356384
2.166638
2.233709
2.125078
2.072931
2.166447
2.068384
2.508958
2.163372
2.344264
2.189074
1.938136
2.174561
2.038654
2.271663
1.998206
2.767390
2.189616
2.293650
2.129966
2.040226
1.899011
2.024720
2.150300
2.506144
2.077057
2.075796
2.341720
2.244697
2.414831
2.209499
2.248323
2.247943
2.838338
2.100757
2.062102
1.969508
2.360941
1.993878
2.671200
2.088527
2.366361
2.105545
2.098844
2.105224
2.013151
2.178477
2.240190
1.938286
2.160657
2.064656
2.395398
2.193071
1.980967
2.798181
2.169913
1.954703
1.762973
2.082516
1.883394
2.133792
1.752215
2.202076
2.160807
2.347018
2.966793
2.029268
1.944626
2.094637
2.255735
2.295452
2.203619
2.186460
1.986737
2.202187
2.019120
2.201335
1.941360
1.998476
2.010306
1.969158
2.220937
1.904018
2.006310
2.583323
2.583763
1.974607
2.102189
1.816091
2.233208
1.861788
1.897258
1.916279
2.451011
2.283952
2.534180
2.080783
2.030880
1.845852
1.994630
2.286727
1.839411
2.087869
1.925340
2.109187
2.238618
3.821919
3.330874
3.958032
3.684894
3.775045
4.047251
3.914995
3.853495
3.686137
3.806932
3.853646
3.822249
3.781887
3.699971
4.049163
4.194983
3.716831
3.871277
3.980792
4.139575
3.729404
3.736326
3.693240
3.953283
3.743088
3.739613
3.902052
3.753326
3.713867
4.087582
3.688571
3.902612
3.803917
3.877809
3.794130
3.962560
3.709108
4.066625
4.124839
2.330953
2.811429
2.549452
2.462517
2.440578
2.057937
1.887512
2.216278
2.359754
2.309514
2.377446
2.208014
1.884367
2.025810
2.098769
1.931481
2.057445
2.248716
1.906567
1.909041
1.966213
2.403532
2.059259
2.154599
2.102946
2.287225
1.987260
2.051585
1.774361
1.990276
2.160729
2.118434
2.087619
2.816638
1.892732
2.082329
2.542106
2.150771
2.126045
2.144875
1.988688
2.581501
2.399315
2.024564
2.097850
2.068982
1.940790
1.972475
2.196924
2.011318
2.028545
2.101389
2.150921
1.897355
2.073014
2.581009
2.119928
2.379401
1.968144
2.439402
2.161179
1.998534
2.112348
2.181934
2.079009
2.558118
2.257897
2.141546
2.271333
2.094450
2.024112
2.075771
2.176379
2.684887
2.078949
2.104879
2.368432
2.375982
2.394000
1.999899
1.957946
1.998555
2.358295
1.930864
2.041318
1.952812
2.587657
2.186766
2.424031
2.405030
2.364100
2.546096
2.594074
3.346903
2.539348
2.787631
2.381086
2.501677
1.537233
2.440915
1.574172
2.523305
2.608342
2.505367
1.542186
2.509207
2.372984
2.377141
2.649064
1.739258
2.537317
2.535894
2.188661
1.975285
2.249333
2.424979
1.963222
2.029849
2.656283
2.640260
1.874106
2.680206
2.797688
2.535132
1.949055
1.859026
2.019081
2.234061
2.729869
2.725286
2.245172
2.624278
2.338779
2.153308
2.157629
1.969991
2.003720
2.186586
2.759577
2.700741
2.682894
2.512893
2.132653
2.539072
2.120320
1.821427
1.951723
2.598650
2.516803
2.144625
2.681751
2.303476
2.004843
2.337175
2.190065
2.018890
2.138197
2.698285
2.275623
2.170814
2.124982
2.805941
2.525746
2.752167
2.028426
2.009565
1.954831
1.964596
2.155103
2.087172
2.426193
2.442004
2.007330
1.936111
2.085939
2.004523
1.978012
2.067600
2.045180
1.863207
2.045682
2.032176
1.992713
2.119538
1.754915
1.889982
2.055930
2.587896
2.666323
2.545073
1.989014
2.609232
2.143762
2.098172
2.002399
2.128000
1.960689
2.629967
2.141517
2.091073
2.294682
2.245522
2.012977
2.493296
1.939934
1.589067
2.306824
2.014501
2.108590
2.225689
2.022632
2.016236
1.914437
2.232547
1.817721
1.870491
2.002510
1.944747
2.438751
2.014150
1.961541
1.931933
2.024848
1.836401
1.968770
1.958353
1.860244
2.271961
2.269615
2.161930
2.717588
2.624983
2.173692
2.001918
2.332330
2.499252
2.071893
2.155814
2.094433
2.795644
2.432816
2.095405
2.070298
2.075402
2.291001
1.918397
1.982085
2.562007
1.997075
1.926348
2.062989
2.168919
2.414638
2.204433
2.031366
2.077657
2.099495
2.561015
2.032090
2.058088
2.080748
2.011416
2.092890
2.529958
2.407978
2.132754
2.362609
2.074321
2.045355
2.057998
1.874425
1.842191
2.534781
2.015446
1.965666
2.005239
2.122658
1.998040
2.143673
2.533908
2.063362
2.081159
2.101854
2.068686
2.030004
2.124222
1.988525
2.165250
2.202919
2.038657
1.814669
2.027588
2.055642
2.141748
2.106856
2.571989
2.963748
1.973988
2.070300
2.238773
2.371251
2.104250
2.472648
2.377958
2.210779
2.096098
2.067984
1.965284
2.133547
2.019146
1.781622
2.024690
2.138731
1.815812
1.923965
2.724228
2.119539
1.939196
2.656912
1.886147
2.046348
1.977958
1.914521
2.237259
1.970549
2.052233
1.978639
2.038677
1.996908
2.089641
1.506469
1.941361
2.574746
2.027401
1.959402
2.126991
2.438345
2.018087
2.014035
2.158263
2.444241
2.192503
2.294018
2.051032
2.067004
2.604228
1.933024
1.964686
2.482580
2.644303
2.157009
2.076970
2.394691
2.002045
2.029927
2.646118
2.499965
2.092540
1.902825
2.187288
2.433011
2.047643
2.516930
1.981130
2.099459
2.129027
2.514153
1.933074
2.097082
2.274958
1.972116
2.276171
2.064307
2.045037
2.189384
2.378428
2.184542
2.665999
1.958952
1.975555
1.971715
1.774590
2.048315
2.035371
2.137639
1.968326
2.198588
1.860876
2.038048
1.991045
2.031511
1.976918
2.087999
2.686563
2.257182
2.176641
2.397538
1.860203
1.959323
2.218099
2.037998
2.065179
2.366597
1.922155
2.007409
2.060297
1.952545
1.914836
2.047122
1.968667
2.525299
2.063428
2.576422
1.981725
1.870676
2.083510
2.023273
2.578778
2.101637
1.985846
2.071298
2.114831
2.070656
2.011593
1.904845
2.093105
2.547507
2.547286
1.998418
1.934773
2.361854
1.919112
2.142413
2.591832
1.945050
2.133891
1.929589
2.120766
1.903452
2.067478
2.041610
2.192022
2.076783
2.350234
2.171870
2.125359
2.129910
2.173644
1.497275
1.889625
2.241581
1.981755
1.951406
2.018210
2.160480
2.122642
2.561524
1.931926
2.046253
1.862374
1.975689
1.982346
2.016676
1.961522
2.155607
1.912625
1.976552
2.057192
2.075911
2.082045
2.026150
1.879810
2.073544
1.906209
1.978647
1.889595
1.842653
2.166516
2.101376
1.969633
1.966455
2.032948
2.063518
2.085424
1.978516
2.073434
2.099953
2.619099
2.405987
2.133903
2.539563
2.101068
2.295101
2.472470
2.147589
2.497605
2.136029
1.892789
1.924491
1.905401
1.989670
1.965968
1.943751
1.916160
2.040793
1.917794
2.131948
2.164773
1.899586
2.005080
2.100015
1.990141
2.559355
1.903507
1.980075
1.902865
1.978501
2.159951
2.059340
1.932903
1.948915
1.940072
1.895968
1.953998
2.162357
2.030054
2.311854
1.901592
2.161053
2.815868
1.919949
2.580629
2.695236
2.084876
1.928090
2.195102
1.937796
2.032531
1.882262
1.995665
1.963572
1.846329
2.079202
2.064925
2.579407
2.089318
2.109580
2.553991
2.279821
2.218462
2.090060
2.137001
2.164843
2.149303
2.141233
2.101189
2.254335
2.331394
2.051289
2.086551
2.013241
2.488942
1.914666
2.132151
2.326151
2.375639
2.503037
2.152073
2.163432
2.340168
2.548915
2.311493
2.097783
1.947245
2.064949
2.128010
1.889848
1.835397
2.062482
1.872683
1.958384
1.973954
1.776115
1.750037
2.131319
2.083627
2.388802
2.072548
2.159683
2.012082
1.992011
2.485582
2.080729
2.411552
2.847865
2.142027
2.185891
2.015391
2.082083
2.233242
2.226695
2.014749
1.889818
1.965171
2.367447
1.883360
2.203405
2.092520
2.327555
2.124692
2.270588
2.269475
2.151982
2.713981
2.163913
2.291171
2.662257
2.112470
2.110335
2.537205
2.191745
2.726442
2.039704
2.209531
2.018579
2.036104
2.119890
2.119329
2.831754
2.171022
2.159331
2.060888
1.933791
2.575153
2.010588
2.586241
2.260011
2.136245
2.163275
1.999866
2.010603
2.174484
2.255972
