2075470.418453
2075448.757887
2075438.309669
2075429.065704
2075423.816919
2075415.403366
2075409.831762
2075399.836540
2075395.115614
2075386.940002
16.776323
12.177467
15.740395
19.331694
8.912802
8.241415
8.686066
8.017540
8.154631
9.199142
8.466482
8.828163
9.016275
8.697510
8.924007
8.627653
8.948088
8.503437
9.751320
9.127140
9.124517
7.978678
8.758783
9.177446
8.351803
8.343935
8.784056
9.923697
10.814905
8.656979
8.392811
8.543253
10.951519
8.820772
10.013819
9.100914
8.413553
9.600878
9.065390
8.074284
8.914471
9.500504
8.470774
8.033514
9.056091
8.206844
9.290695
9.196758
9.057522
10.399580
9.445667
9.738207
8.599520
8.443832
8.285046
8.416414
9.529352
9.310484
9.644270
8.905172
9.270191
9.409428
8.006573
8.281708
9.386539
9.090662
9.089708
8.824110
8.749962
8.100986
8.393049
9.357929
9.615183
10.482073
9.728432
8.909702
9.547710
8.088589
8.693695
9.238005
8.941650
8.264303
8.772373
8.901596
9.548426
8.960724
8.976221
8.912802
9.626627
9.473801
9.414196
9.085178
8.752346
9.197474
9.424210
9.431124
8.255720
8.065939
11.221409
12.470245
11.959791
11.299849
11.980295
12.128115
11.890888
12.457371
11.199236
11.744022
11.368990
11.379480
10.506630
12.291193
11.304379
10.628462
10.055304
11.825562
12.238741
11.473179
9.873390
12.119770
13.317347
9.259939
8.796215
8.629322
8.067846
7.219553
8.340120
9.483337
8.181334
9.083033
9.478331
8.552313
8.906126
9.827852
9.511709
9.736300
9.423256
9.692192
8.359432
8.831501
8.551598
10.308504
9.586334
9.192705
8.151770
9.045362
9.390831
10.411501
9.465694
9.581566
9.487152
8.627415
8.934736
8.195877
9.377956
8.565903
9.030342
8.504391
8.420229
9.093285
12.453556
12.134790
12.526512
11.603117
11.775494
9.858847
11.455536
11.313200
11.727810
11.967182
9.505749
7.461309
9.310246
8.707285
9.564877
9.850740
8.493423
8.646727
8.734703
10.007858
9.621620
9.629250
9.383917
9.154081
8.793831
8.212805
9.166241
8.650064
8.435011
9.384871
9.439230
10.143042
9.506226
8.814812
9.051085
8.285046
9.294033
8.917093
8.615017
9.324789
9.362698
9.052277
9.435177
10.086775
10.051250
10.293722
10.485649
9.730101
8.391380
9.429932
8.822203
8.194923
8.527756
9.120226
9.218454
9.628534
8.989096
8.333921
8.622885
9.402037
9.796858
9.864092
9.720564
11.148691
9.935856
9.012461
10.376453
7.278681
9.169340
8.718967
9.994984
10.333776
11.737108
11.767149
7.622719
9.746552
10.194302
9.781837
9.511232
9.129047
9.340048
8.388519
8.876801
8.337975
9.166241
9.631872
9.800673
8.616447
9.119511
9.027719
10.524750
8.555412
7.949352
8.532524
8.033514
8.384228
9.042501
8.223295
10.196209
7.907152
8.814335
9.845972
8.272648
8.384466
9.489298
8.562326
8.885860
9.716034
8.371592
8.955002
10.381460
10.389090
9.409189
9.155512
9.730339
9.155273
9.551525
8.704901
10.099411
10.059118
8.504152
7.992983
8.919477
8.363008
9.186029
8.202314
8.592844
9.576559
8.151531
8.839607
8.655787
9.268284
8.863926
8.823156
9.715557
8.902073
8.419991
8.781910
9.302139
8.734465
8.954048
8.439779
9.462833
9.418011
9.392977
9.248018
9.189367
9.819746
8.966208
9.304047
9.920835
8.560181
8.628607
9.428978
8.364201
8.183479
8.677006
8.792639
8.877754
9.387493
8.276224
8.995056
9.366274
8.564711
9.597540
9.078979
8.507490
9.583950
8.913994
8.687735
8.594036
9.858608
9.583950
10.461330
9.547234
10.271549
9.491444
10.138273
9.005308
7.902145
9.349346
8.666515
9.681225
9.247541
9.260893
9.267092
9.124517
8.295774
8.675098
10.163307
8.182526
8.463860
9.750128
8.720636
10.584593
8.805990
8.918762
10.517359
8.543968
8.299351
9.278297
8.562088
8.889675
9.119511
8.830547
8.784294
9.613037
9.706974
9.391785
8.778572
8.627176
9.420395
9.267807
9.825230
9.276867
8.860588
9.399414
8.196115
7.659435
9.121895
19.275665
9.939432
9.378433
8.236885
9.204149
9.293318
9.179354
8.432865
9.402752
8.035898
8.042574
8.110762
8.818626
8.747578
8.313656
8.909464
8.310318
10.095358
9.287119
8.728504
10.006428
9.129763
10.062695
10.037661
10.006666
8.616209
9.321451
11.000633
9.439468
10.216236
9.018183
8.871555
8.682251
9.378672
10.315657
9.255886
8.080244
9.625912
9.972334
9.212017
9.105921
9.003162
8.928061
9.691477
9.326935
9.102345
9.752989
8.144140
9.576321
8.705854
10.345459
8.578300
9.786606
9.974241
8.976936
9.066105
8.609533
9.288549
9.424448
8.043528
9.608746
8.590460
8.362532
8.666515
8.589029
9.443045
9.386063
9.629965
9.314775
8.945227
8.421421
9.450197
9.807825
8.581400
9.612560
9.260416
9.374619
8.454800
9.128571
9.115696
9.004593
8.695602
9.674072
9.430885
9.753704
9.387970
9.099960
9.361982
8.331060
8.751392
8.489370
9.194613
8.168936
8.573055
9.443998
9.276390
7.959127
8.047819
9.366512
8.265495
8.728027
8.870602
9.552956
8.246899
7.634401
9.166479
8.080482
9.099483
9.407282
9.856701
8.731842
9.307861
9.587526
9.888649
8.799314
8.438826
8.479118
9.337664
8.708954
8.201599
8.418798
9.220123
8.783340
9.411097
9.383202
9.961605
9.342194
8.195639
9.361029
8.184671
9.483814
9.383917
8.205891
9.211063
8.641720
9.405136
8.374691
9.416342
9.010553
8.471489
10.132551
10.634422
10.000706
9.079456
8.760691
9.596109
8.153677
8.505106
7.997274
8.342505
8.988857
9.317875
8.348703
9.480953
9.489059
9.154320
8.584976
9.054661
8.625746
9.506226
8.373737
11.370897
11.940002
10.982990
11.391878
12.259960
11.561871
10.819435
12.727499
11.178255
11.473179
11.060715
11.183262
12.571335
12.425184
11.576414
8.630991
9.345055
11.627674
10.769844
11.591673
11.827469
10.481119
10.691166
10.936975
11.096716
9.618521
11.677504
11.077404
11.763096
11.940479
11.808872
10.835886
10.847807
12.137175
11.474133
11.220217
10.595322
11.300325
11.354208
9.769201
8.752346
8.999825
8.524179
8.566618
8.458853
9.178400
8.929968
9.140015
9.322882
8.873463
8.283854
9.815216
8.971214
9.420633
8.515120
9.940863
8.646727
9.116650
9.394407
9.418249
8.881569
7.792711
8.753777
8.210182
9.724140
9.251356
8.602858
8.509874
8.716106
8.962393
8.513451
9.778738
9.000778
9.824753
9.287119
8.783102
9.739637
8.908987
8.002281
8.376360
8.474827
8.956671
9.015799
9.788513
9.886503
9.758711
8.297682
8.852959
9.221792
9.608269
9.190083
8.718729
9.474277
9.308338
8.761883
9.651423
8.933544
9.106636
9.462357
8.674860
8.907795
8.875847
8.759737
9.918451
9.035349
9.291887
9.737730
8.570671
9.539127
8.730650
9.003162
9.117603
8.168697
8.439064
8.925438
8.642197
8.886337
9.544849
8.754730
8.931398
9.469986
9.335041
10.033369
9.429693
9.292603
9.489298
10.421276
8.941174
8.732557
8.210659
8.471012
8.948803
9.931564
9.865046
8.983850
8.271694
9.003878
9.231567
9.797096
9.968996
8.954525
8.933544
8.335590
8.714914
9.937525
10.744333
10.131359
9.330034
9.047270
8.871317
9.779215
8.347034
8.635044
8.517504
8.335352
8.667469
8.050680
9.533167
9.457111
8.766413
8.057356
8.172274
9.854078
9.646416
9.014368
10.181427
8.520603
9.672642
8.219719
8.292675
10.205030
9.288073
8.759975
10.081053
8.863926
8.964062
9.285688
8.365154
8.673906
9.411573
8.179188
9.357452
9.707689
8.277416
8.413792
8.692265
8.270741
9.051323
8.325338
9.293556
8.514404
9.934902
10.147095
8.883953
8.612871
9.424210
8.663416
9.249926
9.420872
9.748697
8.941412
9.143353
9.429216
9.303093
9.564638
11.009455
9.933710
10.141134
8.667946
9.251118
9.417057
8.576632
8.428097
8.398533
9.211302
8.710623
9.354830
8.990288
8.926392
8.303404
9.940624
8.634329
8.314610
9.649038
9.592772
8.846045
8.502960
9.655952
8.380413
9.080172
7.981062
8.047342
9.455204
9.309053
8.974075
8.121014
9.298563
9.095669
8.366346
9.785891
7.756472
8.489370
8.883238
10.284185
8.811235
8.975506
9.268761
8.618116
8.047342
8.458376
9.180307
9.432077
9.653807
9.152651
8.990288
9.669781
9.989023
8.893013
9.068966
8.839369
8.458614
8.507013
10.105371
9.626865
9.101629
9.994268
9.359121
8.893490
8.338690
8.535147
8.472919
9.672403
8.733034
10.152102
9.059668
9.491444
9.938478
9.142399
9.245872
9.722948
9.949207
9.934902
9.584665
9.446383
8.897305
9.754658
9.281874
9.397745
9.195805
8.286953
9.842873
9.550810
9.392262
8.353233
8.314610
8.910656
9.359837
8.064032
8.229733
9.320021
8.868694
9.173155
8.713484
9.262323
8.383512
8.623362
8.974791
9.961367
8.677721
7.989645
8.909941
10.487556
9.293556
8.869648
9.258270
9.459257
8.222103
8.630991
9.692669
9.599447
10.304451
8.714914
8.798361
8.568525
8.195162
9.650469
8.716106
9.901762
8.941889
9.001970
8.271933
8.158207
9.362698
8.754730
8.756161
10.559082
9.214878
8.081198
7.865191
9.589911
9.534359
9.119987
8.797407
10.030746
9.308338
9.721518
9.809732
10.111332
11.341333
10.913610
11.116505
10.719299
9.365559
10.183573
9.402752
9.736300
8.959532
9.845018
10.034800
9.057522
8.398771
9.160042
9.308100
8.389711
7.972479
19.217253
9.184837
9.030342
8.851290
7.944584
7.961273
9.094954
8.051634
8.166552
9.185791
9.203434
9.434938
9.637833
9.258747
8.805037
8.899450
9.016514
9.233475
9.166956
9.153843
8.661270
8.935452
8.939266
10.885239
10.320425
10.018826
10.125875
9.997845
9.198189
9.666443
10.302067
9.472609
11.626959
10.041237
9.906769
10.854483
10.623932
10.250330
10.034084
10.843039
9.876966
9.062529
8.497953
9.695530
11.407852
10.971308
12.491703
8.828402
11.052132
10.197639
8.562088
8.910418
9.202003
10.395288
8.838415
9.688616
7.877111
10.746241
10.054827
9.615421
10.129929
11.091471
10.423422
9.731054
10.512590
10.929108
10.255814
11.114597
11.721849
11.470318
7.997036
10.190248
10.836601
9.750605
10.755301
8.921862
10.199547
8.964300
9.028912
9.167671
8.161306
8.355141
8.885384
8.929968
9.831905
8.949280
10.002851
11.273623
9.474277
9.289026
9.525537
11.052132
9.740591
9.855509
9.378672
8.844137
9.240866
9.808302
9.552240
9.391546
9.945869
9.166718
9.554386
9.989262
9.338617
8.632898
10.047436
9.551525
8.887529
8.684397
9.245634
8.029699
8.201361
9.125471
8.965254
9.160280
8.148432
9.067297
9.004593
8.788824
8.881807
8.616924
9.671926
9.940863
11.139870
7.942200
8.568764
9.362221
9.438515
8.666992
9.360075
8.761644
9.650946
8.347750
8.201838
9.978771
8.946896
8.607149
8.541822
8.822918
9.042740
8.882761
8.528948
8.345127
9.335279
9.097815
8.425713
9.370327
9.718180
9.253740
9.247065
8.716583
9.468555
8.755207
10.488272
9.005785
8.490801
9.505510
8.609772
9.367466
9.526730
9.413004
11.188269
9.575844
7.930279
8.421898
10.113955
8.435249
8.736610
9.158850
8.243084
9.157658
9.912729
8.715153
9.178162
9.366035
8.576393
9.181976
8.432865
10.028362
11.785507
8.852482
10.233641
8.247375
7.910013
8.646965
8.165598
10.345459
7.983446
9.766102
8.703232
9.165525
8.335352
8.419275
8.552790
8.684874
8.257866
10.390759
8.678675
8.035898
9.832859
9.962797
8.623123
8.873940
9.168148
9.075880
8.781672
8.807421
9.910583
8.668900
10.365009
8.912802
8.908987
8.666277
8.248806
9.834051
10.004282
9.212017
9.557724
10.001898
10.055780
8.816719
8.695602
8.242846
9.997129
9.144068
8.054256
9.157419
9.612083
9.279013
9.495497
8.947372
9.150267
9.158611
8.305788
9.384394
10.271072
8.679152
8.934021
8.905888
9.362936
8.729935
8.066177
9.040356
9.388208
8.852959
8.522511
8.676291
9.057522
8.887053
8.874893
8.703470
8.078575
8.461714
9.937763
10.284901
9.694338
8.746862
9.559631
8.202076
9.313583
9.318352
8.614302
8.779287
8.490324
9.458542
9.701014
8.611441
9.260654
9.644985
10.527611
9.573698
8.874416
9.620428
9.372234
8.981705
8.738041
9.118795
9.135962
8.903742
8.458138
9.069920
8.629560
9.869099
8.568287
8.594275
9.259224
8.520842
9.335518
8.749723
9.185791
8.746624
10.381460
9.725332
10.354996
9.141684
8.691788
9.164572
8.351564
9.335995
9.007454
8.590221
8.236408
9.510040
9.314775
9.574175
8.947134
9.469986
8.407593
9.047508
9.362221
9.562969
9.376049
9.435892
8.889675
9.174585
8.838177
9.521723
8.972406
8.700609
8.125544
8.614302
8.701563
9.704590
9.380341
10.150433
8.972406
8.994579
9.803295
8.603096
8.800507
8.668423
9.863615
9.681940
8.709192
8.372307
9.764194
8.490086
8.876085
8.572340
9.085655
8.116007
8.296967
9.328842
9.295702
10.041475
9.348631
8.609533
9.723663
9.875774
8.443117
10.210276
8.890390
8.956909
8.738756
8.785486
8.134842
8.766890
8.614779
8.758307
9.269476
9.007454
9.898424
8.911848
9.284496
10.417223
9.318590
8.548260
9.577751
9.769201
10.069847
9.013653
10.176659
9.594917
8.268356
8.278131
9.109259
9.720564
9.198666
9.419203
8.686543
8.638144
10.419607
10.217905
8.433342
8.648157
9.499073
10.434628
9.458303
9.677410
8.297920
8.602381
9.938478
8.348703
9.697676
8.788586
9.475231
8.499622
10.450125
8.826494
8.257151
9.153605
8.791924
8.891821
9.597301
10.175943
9.562254
9.536743
9.632349
9.722710
8.178949
8.002996
9.773731
9.941816
9.414911
9.690523
9.014606
8.445024
9.402752
7.974625
9.228945
8.856773
9.960651
8.980989
9.827614
9.457350
8.548021
8.744240
8.701801
8.210421
7.982969
9.192467
9.262323
8.877993
8.934498
8.815289
8.868694
8.606911
9.361029
9.965897
9.254694
8.806705
10.077715
9.455681
9.363890
9.993076
8.571863
9.482861
9.140491
8.982420
8.724928
10.673761
9.586573
9.189844
7.954121
8.326054
8.071899
9.052992
8.927107
8.765697
8.157969
8.715630
8.984089
9.135008
8.434534
9.399414
8.419037
9.309053
9.559155
9.622574
9.807110
9.046793
9.399891
9.951591
8.407354
8.516550
8.731604
8.595705
8.400679
8.552551
10.412931
9.426594
9.692907
10.070801
9.363174
8.251429
9.519577
8.832693
8.468628
8.808613
9.261608
8.801699
9.457588
8.990049
9.095430
9.326696
8.819818
9.111881
8.503675
8.984327
8.934975
8.588314
9.600878
8.841515
9.891987
9.788036
9.088278
8.483648
8.361340
8.224249
9.490013
9.162903
8.878708
8.757830
8.190155
9.297848
8.881330
9.806633
10.272503
9.455442
9.805918
9.408951
8.883715
8.791447
8.907795
9.160280
8.428097
9.214640
9.412766
9.423494
9.317398
9.510517
8.345127
9.702444
8.395672
8.291245
8.177519
8.614302
7.948637
9.090185
18.869162
9.476662
8.532524
9.069920
9.406567
9.570599
8.625746
9.848833
8.458138
9.521961
8.694172
7.927179
8.319378
9.092331
8.410692
10.932922
10.102749
10.728598
8.778095
9.708881
8.884668
9.738922
8.369684
10.641098
9.248257
9.385109
9.484529
8.787394
8.792639
9.282827
9.460926
8.892536
8.292675
8.718014
8.395672
10.604858
9.252310
9.390116
9.317875
9.207964
8.538723
8.793354
9.957075
8.885622
9.897709
8.918524
8.557320
10.480165
8.888483
8.859158
8.638859
9.751797
8.563995
9.606838
10.147810
9.278774
9.139776
9.414673
9.420633
9.358406
9.944201
8.667469
8.841753
10.060787
9.856939
8.975983
9.227037
7.972240
12.084007
11.307955
11.394262
11.749268
11.418581
12.259483
12.075663
11.906385
12.526751
11.561632
8.261919
9.088039
9.408951
7.953405
8.328199
9.327173
10.392904
10.307789
8.553505
8.174181
9.655476
9.963512
10.304451
9.590149
10.966301
8.860826
10.523796
8.819818
9.185314
8.970261
8.890867
9.017706
9.281397
8.673429
8.438826
9.161472
8.928061
9.089470
9.375095
8.320093
9.183168
9.598255
8.175135
9.149790
7.977247
8.083105
8.148193
8.584261
10.028124
9.151936
8.323431
8.052826
8.413553
8.181334
9.406328
9.699583
9.073734
8.929253
11.525393
11.173010
12.759209
11.896610
12.336969
12.027979
11.622190
11.332512
12.582302
11.369228
11.736155
12.792587
11.527777
12.090445
12.420177
11.265039
11.921167
11.549711
12.049913
11.203527
11.849642
11.776209
12.109756
11.054039
12.328863
11.474848
12.129307
11.199951
11.234045
11.335850
11.660814
11.170626
12.083054
12.632370
9.887218
9.044886
8.651257
9.554863
9.091377
9.298086
8.878469
9.378672
8.459330
9.239197
9.835243
9.804726
9.408236
8.963108
9.089708
9.278774
9.246111
9.083271
7.956266
8.625984
9.432077
8.976460
8.805990
8.445501
9.734392
9.111166
9.520292
9.170294
9.796381
9.602308
9.295940
9.377480
8.650541
10.147095
9.246349
9.284019
9.220839
8.542538
9.069920
9.663105
9.546518
8.216381
8.613348
10.944843
10.026932
8.841991
10.172129
9.336233
8.346081
8.524418
9.882689
9.351015
9.264231
9.312868
8.827925
9.537935
10.002613
9.016037
9.271145
8.912086
9.246588
8.433104
8.026838
8.042812
9.138346
9.265184
8.840084
9.349823
8.719921
8.328438
8.210897
7.983446
9.252071
9.356022
8.383989
9.093523
8.458376
8.819103
8.980036
8.453369
9.666204
10.106564
9.250641
9.898663
9.252071
9.331465
8.610487
9.198904
8.757830
8.755922
8.273840
9.238482
9.157658
8.432388
8.835793
9.725571
9.729862
8.274317
8.473873
9.766340
9.753942
9.768248
9.983301
8.961201
9.132624
8.978128
9.870291
8.937120
8.467913
8.850574
9.865284
9.488106
9.563208
8.472919
8.986950
8.028269
9.243727
9.607553
8.702993
9.378433
8.493185
8.600950
9.602070
8.908987
10.028124
9.057522
9.462833
9.708881
9.012222
8.729696
9.415150
7.902622
8.264780
9.340048
8.522272
8.205175
9.033918
8.837223
9.281158
8.600950
8.868694
10.407209
9.460926
8.524895
10.139227
9.466887
9.142637
9.320021
8.974552
8.298874
9.536505
9.289265
8.878469
9.482384
8.759499
9.121180
8.459091
9.032249
10.532618
9.124517
8.377314
8.919239
8.784294
9.013414
9.639502
9.044886
8.594513
9.104729
9.289742
9.914637
9.627104
7.915020
8.632898
8.188009
9.645939
7.975578
8.660555
10.332823
9.104967
8.552551
9.391785
8.346081
8.196354
9.021282
8.850336
8.629084
8.627653
9.341240
8.490086
8.589745
9.487152
8.440971
7.926464
8.560419
9.786367
10.345936
8.966684
9.246588
8.846998
9.497881
9.289503
8.297205
18.999338
10.448217
8.645535
9.371281
8.938789
8.890152
8.452892
8.262396
8.697510
9.224892
9.207010
9.792089
9.612799
8.421183
9.562254
8.214712
8.335829
10.829926
8.717537
8.383036
9.252787
8.884668
9.133339
8.834839
9.655952
8.834124
10.099411
10.530472
12.065411
11.528492
10.012627
9.381533
10.140419
10.557175
9.145975
8.795261
8.736372
9.063721
10.075331
8.532524
9.165525
10.379791
9.690523
9.498596
10.948658
10.007858
10.098219
9.848595
9.313583
9.253263
10.015011
9.192705
9.769201
8.677721
9.574890
8.929968
8.829594
8.039713
9.666204
7.967234
8.791208
7.793188
8.625269
7.463694
9.513140
7.323027
8.618832
10.590553
9.372950
9.922743
9.995937
9.178162
10.027409
9.497643
8.989811
8.807421
9.328842
8.826017
8.329391
8.610249
12.275934
11.301041
11.603355
11.351109
11.167526
12.105227
12.010098
14.522791
11.435509
12.421846
11.561871
12.243509
9.294510
9.099483
8.855581
8.372784
8.971930
8.780956
9.196043
9.146929
8.309126
8.552551
9.848356
8.427143
7.976532
8.710861
8.478403
8.987188
8.272171
8.269310
9.089947
8.605719
9.371519
8.785963
9.244680
8.469343
8.529186
10.843515
9.347916
10.027170
10.225534
8.896112
10.128260
9.840250
8.519411
8.537769
8.359909
8.803844
11.751890
12.335062
11.784792
11.701822
12.393475
12.855768
12.245893
12.593985
11.566639
11.985064
11.671305
12.390137
12.409687
12.193918
9.673834
8.870125
9.845734
9.005070
9.080172
9.699583
8.454800
8.725166
8.999348
8.154631
8.813858
8.921385
8.692265
9.000301
10.032177
11.496305
9.119034
8.274794
8.710384
8.561134
9.056568
10.002613
8.777142
8.602381
9.886265
8.444071
9.084463
9.424210
9.134531
8.805990
8.861542
9.055376
9.100914
12.379408
10.836840
12.596369
12.549877
11.535168
11.895180
11.416912
11.713743
10.510445
11.695862
12.455225
12.843847
11.512518
12.749910
13.022423
9.473562
9.160995
8.822441
8.790016
8.445978
9.712934
9.649754
9.449959
8.990526
8.778572
8.989811
9.559631
9.037971
8.554935
9.824514
9.516954
8.860111
8.671761
9.048462
8.754492
8.477449
9.007931
8.739948
9.229422
8.602619
10.549545
8.444786
8.220434
9.603500
10.359526
8.984089
10.339975
9.225607
10.002851
9.347677
9.802341
8.778811
8.535624
8.751631
10.074854
8.636236
8.095026
8.777142
9.684086
10.385990
9.688377
10.370731
9.360552
9.259224
8.523226
10.325432
8.733511
9.461641
8.592129
8.931160
8.890629
10.640621
8.435726
8.864164
9.378672
8.635283
8.309603
9.392023
9.974957
10.771036
9.059906
8.720160
8.948803
9.317875
8.846760
9.867191
8.584261
9.399176
8.956909
9.075642
9.734869
9.662151
8.232594
9.426832
10.465145
9.987831
8.985281
9.989023
10.128736
9.316921
9.050369
9.675026
8.886576
9.166956
9.119034
8.302927
9.288073
8.061409
8.813858
8.445263
8.486509
8.636236
8.815527
9.496689
9.080648
8.836031
9.752512
10.130644
9.020805
9.947538
9.569883
10.236740
8.787632
8.458376
9.832859
7.964134
8.283377
9.677887
8.993387
9.122133
8.229971
9.376287
8.799076
9.732962
9.378195
8.337975
8.651495
10.020971
9.224415
10.491610
8.795023
8.366823
9.842396
8.816004
8.585691
8.427143
9.601116
9.625435
8.946657
8.193016
8.210421
9.478331
8.613348
9.300232
8.090496
9.710312
9.266138
9.932041
9.304285
9.094000
10.113955
8.847237
9.922743
9.123325
8.744955
9.633541
8.311510
8.371592
9.794474
9.550571
8.749247
10.130882
9.109497
9.898186
8.672714
8.236408
9.244442
9.551525
8.913279
8.137226
8.827209
8.849621
8.999109
8.659363
8.346796
8.982182
9.208202
8.917332
8.960724
8.642197
9.136200
8.986235
9.918928
8.292913
8.886814
9.178400
8.775234
9.007215
9.869576
9.704590
9.217024
9.583712
10.073423
8.744240
9.451628
8.965254
8.891106
9.985447
8.381128
9.535551
10.389090
10.213852
8.386135
9.450674
8.430958
10.121107
9.629965
8.622646
8.617878
9.553909
8.438826
8.846521
9.514570
9.082794
8.788824
9.553671
9.735346
9.537697
9.956121
9.027481
8.583069
8.540869
9.048700
9.507656
9.158850
9.512186
8.225441
8.188963
8.282423
8.440971
9.767056
8.351326
8.156776
10.178804
8.289576
8.635044
8.231401
10.688066
8.127213
8.110285
9.618759
8.652925
8.585215
8.446217
8.962631
9.439468
9.528399
9.606361
9.069204
9.059429
8.658171
9.089947
8.543968
8.768797
9.434223
8.795023
8.551598
9.303808
8.258104
8.238316
9.554148
9.123325
8.161783
9.235859
8.631706
9.207487
8.538008
8.603811
8.541584
9.606361
8.755922
8.458614
8.465767
8.982420
9.406805
9.370565
8.906364
9.562254
8.521795
8.744478
8.615732
8.383989
8.755922
8.174419
8.152723
9.242296
9.235620
8.729219
8.525848
9.533167
9.181023
8.625746
8.846283
9.664536
9.282112
8.020639
8.391857
8.494854
9.623051
8.158922
9.366035
8.326292
8.459806
10.183334
9.627342
9.126186
9.853125
9.988070
9.433031
9.673357
8.696556
8.311272
8.306503
8.389473
8.620262
9.527922
10.146618
10.787010
9.521008
9.793282
8.232832
8.746862
9.642363
9.675980
8.979559
10.032415
9.145975
9.196520
9.193659
8.398533
8.667946
8.663893
8.718967
9.505749
8.559227
9.053230
9.138107
9.476662
9.068727
8.531332
8.103132
9.170532
9.627819
9.293795
9.219646
9.057045
9.413004
8.269787
8.308649
9.213209
10.132313
8.750916
10.212183
9.387732
9.682417
8.746386
8.935690
8.914232
9.111643
8.277893
8.628845
9.230375
9.736061
9.310007
9.557486
8.517027
8.633137
8.575439
8.491516
9.401083
9.026527
8.385897
9.481668
9.150982
8.841991
8.625507
8.706093
9.783506
9.366274
8.768082
9.536266
8.708477
9.165525
9.176016
9.389877
9.502888
9.541273
9.651899
9.351015
9.123325
8.629560
9.078026
8.625031
9.481668
8.896589
8.529663
8.977175
9.033680
8.984089
7.910728
8.889914
8.947849
9.033680
9.059668
9.486198
8.686543
8.568048
8.468628
9.391546
8.438110
9.630203
8.846521
8.157969
8.240223
9.085178
8.446217
8.040667
9.178877
9.177923
9.695053
9.240866
8.173943
8.578062
9.572506
9.819746
8.330107
9.526014
9.900093
11.219978
10.370731
8.505344
9.066105
10.044813
9.497404
9.639263
9.387255
8.962154
9.316444
8.313179
9.898663
9.617567
8.535385
9.716988
9.640932
9.094000
9.793997
8.116245
8.258581
10.049820
9.701729
9.646893
8.481741
8.970737
10.405302
9.024382
9.575367
8.060932
9.159803
8.438587
8.828163
10.835409
8.256674
8.399963
8.674622
9.756565
10.317802
9.921789
9.192944
9.462118
9.443283
8.752346
9.157181
8.712530
9.877205
8.451700
9.056330
8.501291
8.624792
9.362221
9.406567
8.759022
8.672714
9.416103
8.758545
9.538412
9.350061
8.869410
8.550882
9.553432
9.619474
8.390903
9.515285
8.415937
9.037733
9.829521
9.993792
9.375572
8.573294
9.814978
8.586407
8.629799
8.667469
8.679152
10.936260
9.329081
10.771990
8.687496
10.056496
9.788275
8.704662
8.063793
8.339882
9.827852
8.393288
9.093046
9.033203
8.356571
9.260893
8.418322
8.831263
8.562803
9.588957
8.491039
8.531332
9.311438
8.557558
8.682966
9.669542
8.594751
8.455038
8.581400
8.852482
8.978844
9.205103
9.948492
8.888245
9.437561
8.316040
9.140491
9.070396
9.655714
10.526657
9.399652
8.703947
12.154341
12.113333
11.889935
12.012482
11.752844
12.017488
12.286901
9.787083
9.840012
8.265257
8.616686
7.776022
8.710623
9.156466
8.341551
8.467913
8.435011
8.940935
8.624792
9.320736
8.920908
8.428574
8.308172
8.889914
9.509325
8.810997
9.500980
9.587049
9.141445
8.557081
9.267092
8.515835
9.794235
8.740425
8.969545
9.808064
11.034489
9.015560
8.153200
9.361982
9.410620
9.646893
9.297132
8.441210
10.030746
8.458138
8.343697
8.665800
7.899523
8.969784
8.390665
8.373737
8.504629
8.551359
9.337664
9.403706
8.598089
9.658813
8.361101
9.259224
9.253025
8.128405
10.128975
9.068251
9.661198
8.712053
9.324074
8.571386
10.208845
8.896351
8.090019
8.213758
9.457588
11.129379
9.769440
9.361506
8.528948
9.726048
8.942842
8.719683
8.442163
9.311199
9.764433
8.405209
8.489370
8.929491
8.935452
9.730816
9.751797
12.228966
11.736393
10.945559
9.824038
10.827541
12.473822
10.978699
11.340141
8.674145
9.017944
8.974791
9.963274
8.534431
9.288549
9.062529
9.345055
8.880377
9.294271
8.543968
9.141207
8.711100
8.773804
12.334824
10.066986
9.245157
8.374929
8.562565
8.606672
7.947922
9.095192
8.085966
8.430004
8.583307
19.481659
8.674145
8.699894
9.320736
8.143663
8.263111
9.717703
8.060217
9.160519
9.187937
9.021521
10.043621
9.443521
8.456707
11.930943
8.476257
20.385742
9.696007
8.433342
9.448290
9.138107
9.015560
8.384228
9.454966
8.629560
8.129358
8.687258
9.164572
10.935307
9.121656
10.084867
8.494377
8.400679
8.117676
8.630514
8.222103
8.697748
9.909153
8.787155
9.611130
9.058475
10.814428
8.600473
9.221077
8.764982
8.579493
8.048058
9.391308
8.611202
8.479834
8.060694
8.052588
8.747101
8.843899
9.192467
9.683132
8.864641
8.255720
8.181334
10.282755
10.457993
8.854628
8.957148
9.132147
11.429787
10.519505
11.127234
11.639833
10.104418
10.824203
10.138273
11.113644
10.013819
10.170221
9.487867
11.479378
10.201216
11.935234
10.130644
9.073257
9.399891
9.212494
8.618593
8.396626
9.275436
9.696960
10.354519
9.392977
8.260012
9.666681
8.220911
8.044004
8.173704
9.839773
8.571863
10.448694
8.515835
10.207415
10.251045
9.366989
10.792255
9.532690
8.568287
9.266853
8.702517
8.311272
9.889841
9.063959
9.459972
9.027004
9.814501
11.282921
9.629488
9.639978
8.548021
8.440018
8.462429
9.309053
9.004354
8.943558
8.984089
9.943247
8.535624
10.288477
9.627104
8.884668
9.554386
8.380413
9.501696
9.251356
9.166718
9.564877
13.265371
11.737585
11.758804
11.357069
12.792826
9.505033
10.255814
8.839130
9.117365
8.421898
10.497332
9.278536
8.596659
9.555340
8.720875
8.727551
9.129763
8.761406
9.104252
8.784294
8.970499
9.960175
8.627653
8.348942
9.440184
8.766413
9.760618
8.835554
8.987188
8.464336
8.328915
10.072708
9.068251
9.020329
8.859158
8.497238
9.581089
8.505344
8.156776
8.668661
8.478403
8.416176
9.001017
10.993242
9.320259
10.371923
10.265589
8.892775
8.725643
8.684397
9.536266
9.638786
8.907557
9.462118
9.633064
9.274721
10.123730
8.761883
8.628368
8.542061
10.004044
10.302305
10.924339
8.773327
11.353970
10.198116
10.056019
11.109114
8.931875
7.987976
8.924961
11.704922
11.709690
12.658834
12.445450
11.798620
11.575937
11.755466
12.115002
10.507345
9.593964
9.074211
9.118080
9.596109
9.621382
8.867264
8.994818
8.175850
9.014368
9.419441
8.530617
10.747194
8.969069
9.077549
8.589506
9.021521
10.155916
9.675741
8.918524
8.484364
9.729624
9.963989
10.476828
9.087801
9.012699
8.645058
8.983135
8.800507
8.493185
9.374619
8.351803
8.326530
8.582115
10.191917
9.226084
9.232759
9.193420
9.833097
10.030746
8.934021
9.822845
8.848429
10.154486
9.654522
9.458303
9.294271
8.806467
8.620739
8.511305
9.398699
9.346008
9.654045
8.114576
8.653164
8.838892
8.598328
9.524584
8.416414
9.409904
8.497000
8.568764
8.274794
8.682013
8.891582
9.693623
9.057522
10.837793
8.382320
8.754969
8.291245
9.014845
9.580851
9.761572
8.359194
9.567499
9.230852
10.159016
9.320498
8.808851
8.254766
8.353472
9.531736
8.887291
8.990049
9.478331
8.998394
8.786678
8.959532
8.475065
9.460449
9.152174
8.939266
9.862900
10.148764
9.232283
8.620501
9.541750
8.832932
9.373665
8.472204
8.913755
8.859158
9.315729
8.522034
9.031534
8.105755
9.133577
9.663105
9.179592
9.386778
8.774996
9.149551
8.408785
8.588791
9.765863
9.741783
8.477926
8.879662
9.203196
7.934809
8.207560
8.181095
8.834600
8.087635
9.078026
11.330605
10.497808
8.321762
8.339643
9.082079
9.300232
8.620262
9.085655
9.654760
8.815765
8.726358
9.558201
9.411573
9.054899
8.649349
7.886410
8.567810
9.101629
9.579659
9.700298
9.059191
9.072065
9.512186
8.325100
9.172678
21.575689
10.393620
9.524345
9.619713
9.370804
9.353638
9.302616
10.011435
8.584738
8.485556
8.904457
8.650541
9.056568
8.903742
8.125782
9.159565
8.466482
8.039236
9.299278
7.976770
9.389639
8.645058
8.910894
9.166479
8.979321
8.811235
9.232521
9.249926
8.550644
9.238005
9.879589
8.149385
8.572340
8.668184
9.686232
8.632183
9.119511
9.089708
12.273312
8.744717
10.197639
9.422064
8.852005
8.541822
8.274794
8.396387
9.697914
8.623362
9.296417
8.707523
8.447886
8.436918
8.472919
10.060787
8.945465
10.622263
9.448051
8.065462
8.525133
9.735346
9.162188
9.617090
9.527922
8.873940
8.524179
8.459330
8.694649
8.256197
8.050919
8.891106
8.144140
8.379459
9.292841
8.041382
8.997440
8.166790
10.340691
9.673119
10.195971
9.352446
9.020090
9.316206
9.484053
9.449005
8.516788
8.305073
8.412361
9.454250
8.495331
8.960247
8.899689
10.614157
8.449793
8.677721
8.998394
8.559942
9.135962
8.674622
9.714603
8.766413
8.482933
8.541346
8.742332
8.651018
10.296106
9.136438
8.577108
8.479357
8.665562
8.594751
9.298325
8.908749
8.203506
7.911444
9.128332
9.852886
10.993719
9.591103
8.126020
8.802414
9.684801
9.848833
9.816408
9.603500
9.068012
9.304047
8.424520
9.716988
8.233309
8.771181
7.982016
8.832455
8.985519
9.410858
8.591652
8.682251
10.166168
9.743452
9.169817
9.469509
8.714676
8.577108
9.250641
9.107113
9.171963
9.156227
8.330107
8.849859
8.532524
8.498907
9.480953
8.374929
9.377480
8.209705
8.608580
9.781837
9.233952
10.056496
9.451151
9.286642
8.713007
8.816481
8.654356
9.474039
8.963823
8.133888
8.339882
9.111643
9.144783
9.960651
8.545399
9.297132
8.538246
8.813381
8.566380
8.214235
9.126425
9.614229
9.314299
8.587599
8.378029
9.377718
9.361744
8.476257
9.801626
8.543015
8.898497
8.951187
8.954048
9.117842
9.464025
8.832932
8.713961
8.862495
9.776831
9.274483
9.637833
7.974386
9.909153
9.136677
8.390665
9.207726
8.482695
9.763718
8.993387
8.331060
10.396481
9.643793
8.676052
9.397745
9.287357
9.764433
9.763241
7.958889
9.114265
8.608818
7.974148
9.121895
9.626865
9.103537
8.706331
8.901358
9.515285
9.176493
9.545326
9.203196
9.382248
9.515762
9.664536
9.934664
10.102272
9.935141
8.805990
9.179115
9.921551
10.223866
9.274960
10.298967
9.509325
8.405209
8.991718
9.155512
9.204865
8.968353
8.539200
7.998705
9.716749
9.227753
8.450270
8.582592
8.619547
8.629560
9.798765
8.227348
9.133816
8.734465
9.104967
9.927273
8.769274
7.949352
8.010864
8.563519
9.829760
9.424448
8.408308
9.281397
9.670258
9.464741
9.667873
8.726120
9.010553
9.631634
9.452820
9.485960
8.549213
9.351730
8.547544
9.589911
9.210110
10.815144
8.841991
9.461880
10.663986
8.668900
8.332491
9.178638
8.533955
10.048628
9.223223
8.633614
9.035587
9.145498
9.258509
8.859873
8.339882
9.100199
8.456230
8.686066
9.452820
9.537458
8.951426
8.182287
9.174109
9.723186
11.672497
9.328127
8.838892
8.280516
10.225773
9.080648
9.630442
8.247375
8.152485
9.183168
9.743929
9.613276
8.644342
10.416746
8.445501
8.378506
8.743048
8.577824
8.655071
9.283543
9.437799
8.576155
9.469271
8.348703
8.659124
9.583473
8.504629
9.093285
9.173870
8.573771
9.312868
10.246515
8.686543
8.496523
9.227037
9.142637
9.314299
8.308887
8.346081
9.921312
9.503841
8.525848
9.588957
9.109974
8.689880
9.392977
8.832693
9.707928
8.653641
8.490801
9.170771
9.393930
8.904219
8.336782
8.848906
9.280443
8.902788
8.564949
8.335352
8.784056
8.991241
8.638382
9.369850
9.328842
8.408070
8.592129
8.528948
8.181095
15.068769
17.130852
19.170761
8.619547
9.807825
9.467602
8.757353
9.336472
8.696556
8.383751
10.067701
8.735657
8.563757
8.585453
10.186911
8.698225
10.081530
8.232594
8.202314
8.434534
18.963099
10.143280
8.688450
8.600712
10.022163
10.272741
8.635283
8.526564
8.541107
9.300470
9.054422
10.339975
10.196209
9.329557
10.206938
9.365082
8.764267
9.033680
8.465767
8.571863
10.484934
9.541273
9.332180
8.494139
9.348869
9.418964
9.485483
9.239435
9.569168
10.054350
9.771347
8.708239
8.961916
8.094549
9.128332
8.912086
9.290695
8.990765
9.223223
9.032965
8.398294
9.001493
8.715630
9.220839
8.867264
8.333683
9.143114
8.936405
9.285212
9.192944
9.140253
10.880709
9.406090
9.071350
9.429216
9.741783
9.336472
10.193348
9.484529
8.948803
9.087563
8.919001
9.699583
8.325577
8.836985
9.203434
8.729696
8.499384
8.591175
8.605003
18.384933
8.753061
7.965326
8.089066
8.421659
8.864641
8.367777
8.918047
8.245230
8.445263
9.414911
9.390116
8.643866
8.140802
8.402348
9.000778
8.866310
9.625435
9.219885
9.696722
9.389877
10.753393
8.875608
9.719133
9.652138
8.424044
8.385658
9.806156
8.875132
9.379387
8.432865
9.198189
8.667946
9.024858
8.514643
9.101868
9.237289
8.455753
8.266449
7.930756
9.116888
9.350777
10.326385
8.733273
8.542538
8.862019
9.086132
9.939432
8.775711
9.280682
9.339094
9.450436
8.787632
8.630514
8.177996
9.087801
9.075403
9.632349
9.389877
11.109352
8.913040
10.196447
9.890079
9.618759
8.331299
9.183645
8.914471
8.298635
8.396864
9.701014
8.656502
9.542465
8.042336
8.648157
9.402752
9.704590
9.764671
9.656906
8.492231
9.941101
9.420156
9.939194
9.137392
8.322716
8.515596
9.659767
9.509802
9.866953
12.083292
10.368824
9.912252
10.501862
8.123636
9.354115
9.147167
8.757353
8.412361
10.427952
10.183811
8.754015
8.949041
9.922028
8.822441
9.213924
8.661747
9.103298
9.043694
9.326935
9.474039
8.262396
8.153439
9.130955
9.154081
8.857727
9.410620
8.351326
8.744717
7.853985
8.356094
9.574652
9.572506
8.558512
10.130882
9.270668
10.071516
9.991169
9.167671
8.441448
9.708643
8.792877
7.716417
8.341789
8.874416
9.196043
12.294292
10.909557
11.952639
11.062622
9.367943
9.745359
9.361029
11.880636
9.610653
10.480404
13.041019
11.050224
10.656834
9.763241
10.673761
11.106491
11.323929
10.050535
13.492107
9.899855
11.481762
10.546207
10.037661
10.934353
10.474443
9.570122
8.661032
9.087801
10.266781
8.798838
8.955240
9.391308
11.268139
14.011145
9.325504
8.432150
15.560627
8.857489
10.002851
9.677887
10.413408
11.685848
11.083364
11.113167
10.250092
10.009050
11.887312
10.493279
9.309530
8.208275
10.276794
9.816170
9.525061
9.782314
8.282900
6.865978
9.288073
8.636236
8.912563
8.463144
8.896112
9.390831
9.018660
9.197474
9.095669
8.746862
8.240938
9.288549
10.338545
10.421991
9.317398
10.177135
9.380817
10.219336
9.613037
8.710623
9.914160
9.240866
9.491444
8.616924
8.567810
9.523153
8.697510
9.506226
8.561373
9.067297
10.112286
8.940458
9.939671
8.217335
7.803679
8.862734
9.033918
8.473635
8.321047
8.722782
8.734465
9.265184
8.786678
9.219646
9.896517
9.860992
9.076595
8.697033
7.909060
10.777473
11.041641
9.011030
8.215666
7.970810
9.309292
8.866549
8.488417
9.191275
9.041071
9.042263
8.804321
8.458853
9.075165
10.035515
9.741068
9.655952
9.421587
8.488655
8.579254
8.253574
8.366585
9.069204
8.535624
8.971214
8.831501
8.675337
8.984566
9.099722
9.169817
9.670973
8.156300
8.289099
8.577585
8.995533
9.649754
8.838892
9.165525
9.481192
9.557486
9.109497
10.055780
9.157419
9.641647
12.785912
11.721849
12.592554
12.114763
12.224436
12.165785
11.811018
12.377739
11.072397
11.703014
12.158871
12.150526
12.660503
12.267113
14.228582
10.430574
11.567116
10.883570
12.165070
12.475729
12.833834
12.608767
12.273073
11.349201
12.102365
11.701107
12.056351
11.682034
11.308193
12.509584
12.185097
11.611462
11.753321
11.110306
11.459351
12.475252
11.214256
10.972500
12.671471
12.290955
11.592865
10.415792
12.162685
11.378050
12.361765
11.514187
10.145903
12.233973
11.850357
11.852264
12.206554
11.346817
10.207653
12.222290
11.308193
12.367487
12.513638
12.402534
9.713888
12.799501
11.483431
11.073589
8.898258
9.906530
9.973526
8.995056
9.241819
9.449244
10.818481
9.398699
9.497166
9.173393
8.420467
10.415077
9.418011
8.636951
8.417130
8.101225
9.307384
7.980824
8.235455
8.924484
9.412527
9.709120
10.002851
8.935928
9.499073
8.979082
8.660078
9.165525
8.913517
8.784771
8.308172
8.265972
9.233713
10.273933
8.744001
9.056330
9.731054
9.407282
9.720087
8.395910
9.009600
9.275913
8.676529
9.286165
9.687185
9.978056
10.276794
8.816481
9.116650
9.779453
9.340048
9.187222
8.135557
8.308411
8.951187
8.867979
9.854317
8.753777
8.639812
9.492636
10.209560
8.865833
9.828091
9.638071
8.234262
9.152651
8.358955
8.213758
8.883238
7.992268
9.741068
9.410620
8.496046
9.346485
9.628057
9.407759
10.011196
8.462667
8.816957
9.408474
9.546280
8.648872
8.381605
9.618282
9.420633
8.990765
8.141994
8.602858
8.625746
8.825064
10.165215
8.867025
9.089708
8.682728
9.533644
8.360386
7.806778
8.061647
8.009911
9.670019
8.350849
9.112835
9.397745
10.142088
9.558678
8.316278
8.494854
10.317802
8.954525
8.114576
9.546041
7.929802
8.638859
10.054588
8.872032
10.182142
9.211302
8.379221
9.145498
9.431601
8.707523
8.986950
8.751154
9.400845
9.428024
9.485960
8.322716
9.141922
9.753227
8.464336
8.510351
8.726597
9.590387
8.447170
9.346485
10.342360
8.566618
19.597769
10.315895
9.327412
9.513855
9.103537
8.699656
9.265423
9.343386
8.618116
9.009361
10.048866
8.919716
9.582043
8.975029
10.053635
9.612322
7.653952
9.245872
9.022236
8.579493
9.226322
8.787870
8.644104
9.805679
9.827852
9.290218
9.166718
7.966042
9.656668
9.733677
9.361744
8.684158
8.476496
9.247541
9.241343
8.144379
8.121252
9.225845
9.376287
9.498358
9.988546
10.765076
9.575367
10.980129
8.387566
8.228302
8.595228
8.821726
9.423018
9.553671
8.607626
10.815382
9.975195
9.176493
8.816957
10.020018
8.799553
8.937836
9.404898
9.523392
9.366989
9.007215
8.728981
8.093119
8.355618
8.317471
8.116245
9.232998
8.895397
9.196281
8.450985
9.548187
9.865999
8.664131
9.145737
8.931875
8.932829
9.606600
9.057760
8.226156
9.760141
8.258820
9.105921
9.492636
9.470940
9.027243
8.975506
9.622097
8.433580
9.531736
9.100437
9.996414
9.023190
10.477781
8.632898
8.097172
8.417130
8.693457
9.371042
8.908510
8.888960
8.649826
9.262323
10.813951
9.408951
10.082722
9.510756
9.008408
8.025408
8.763313
8.091450
9.227037
8.579493
9.423971
9.702206
8.849859
9.414196
10.505676
9.188890
9.547472
8.520603
8.709908
9.218454
8.606195
9.167671
8.697748
8.033991
9.998560
9.132862
9.840488
10.068178
9.425163
9.087324
8.277655
8.829594
9.145975
8.565664
8.837938
8.780241
8.301497
9.480715
8.646011
8.254051
8.913040
8.897066
10.224819
9.636641
9.181499
8.898735
8.690834
9.274483
9.084225
9.415150
9.290695
8.820057
8.336782
9.035110
9.526014
8.687496
10.172606
8.682966
8.126497
17.530203
9.726286
9.755850
9.955883
9.112120
10.117769
9.203672
9.541512
9.050608
9.760141
8.647680
8.352995
9.154558
8.671045
10.226727
9.219885
9.193182
8.068562
10.202169
8.838654
8.711338
8.049965
9.208202
9.328842
9.692430
8.627176
9.667873
9.117842
8.474350
8.322716
9.217978
8.574009
8.408546
8.092642
8.988142
9.559155
9.842157
8.663177
8.996964
8.406401
10.906935
11.277437
8.910656
9.981155
8.582354
8.440733
8.853674
20.847559
9.509563
9.113312
9.161472
9.539604
9.583473
8.402109
8.389473
9.585381
9.487391
9.306908
9.005070
9.638071
8.868694
8.545160
9.302855
9.020805
10.102749
9.736061
9.322166
9.336948
8.731127
9.615183
9.049654
9.936094
8.971453
9.997129
8.726120
10.274649
8.449316
9.580135
10.356426
10.012865
8.530378
10.163069
9.515285
8.161306
7.897615
9.767771
9.247065
8.426189
8.670568
8.225918
9.056568
9.097099
8.943081
9.142876
9.541750
9.116888
7.939100
8.285761
8.605719
8.366585
9.518385
8.176565
8.823633
8.065224
8.635044
9.276867
8.884192
8.515358
10.008574
8.773804
8.166552
8.282661
9.672403
9.561062
8.541107
8.891344
9.784460
8.956671
9.051561
8.721828
8.870840
8.250952
8.138418
9.586334
8.718729
9.136915
8.244991
9.833097
8.489132
9.279728
8.901358
9.345055
9.541273
8.935928
9.632826
9.255409
9.669304
9.473085
9.182453
9.733438
8.273840
8.174896
9.293079
9.327650
8.505344
9.498596
9.612083
9.283304
9.107828
9.548187
8.820534
9.330034
10.782480
9.120941
9.671926
9.281874
9.483814
9.714842
9.967327
8.868217
9.285688
9.331703
9.538174
9.058952
8.421659
9.098768
9.161711
8.762836
8.646250
10.123491
8.699656
8.900642
8.547783
8.883953
9.738684
9.710789
9.211302
9.531736
8.384705
8.389711
10.042667
10.085106
9.219885
9.501219
9.183168
9.232283
8.887768
8.732080
8.472204
9.059429
8.716106
9.878397
10.089159
8.858204
8.255482
8.976936
8.830070
9.746790
9.635210
9.613276
8.929968
8.635283
9.174585
8.054256
8.949280
9.716749
8.500099
8.891344
8.857012
9.256124
9.146214
9.309530
8.785963
8.975506
9.358644
9.581566
9.463310
8.084774
8.353472
9.018183
8.518457
9.494781
8.536816
9.569883
8.298159
8.254766
8.403778
8.999586
9.781361
10.600567
9.363413
9.861231
8.379221
8.863449
9.207010
8.956432
9.311438
8.485794
8.200884
8.979321
8.652449
10.461092
8.749485
9.079218
8.392572
8.769989
9.267807
9.113789
8.618355
8.866549
7.979393
8.240461
8.428335
9.291410
8.497715
9.791613
8.728743
8.895636
8.851767
8.606195
9.438992
11.554480
10.670185
12.173176
12.491941
12.431145
10.319471
10.540009
12.609482
9.986162
12.947083
11.996746
12.173653
12.116432
11.903524
12.074471
11.687279
12.516737
11.826754
12.722731
12.219191
11.683702
12.223482
12.175083
12.964010
12.667894
12.139797
11.528969
11.552095
11.595726
12.974262
11.465073
12.161970
11.647701
9.127140
19.334793
8.572340
8.637667
9.512186
9.063482
9.038448
8.923054
8.611441
9.081364
9.929657
9.654284
9.083271
8.365393
9.653330
8.767366
9.233475
8.482933
9.439707
8.792877
9.193897
8.892775
8.294106
8.358240
8.993149
8.523464
8.792162
8.210182
9.064198
9.543657
8.196592
8.829117
8.825302
8.375645
8.671999
9.833813
9.134531
9.569645
9.491205
13.171911
9.639978
8.098364
8.951664
9.542465
9.570837
9.958029
8.858919
9.174109
9.378433
9.578943
9.567976
8.913040
9.303808
8.717537
8.510113
10.039330
8.421898
8.781910
10.240316
9.789944
9.699821
8.823872
8.320332
8.485556
9.838343
9.606123
9.253263
8.246899
8.287907
8.281231
8.186102
7.945299
8.377790
9.536982
9.039402
8.001566
9.029865
9.432793
8.995056
9.519577
8.970976
9.421349
8.778572
9.747744
9.720325
9.246588
9.714365
9.411812
10.067701
11.191845
11.013746
9.846210
9.878159
11.037111
11.180162
10.160208
8.733988
11.592388
9.247780
8.935928
9.380341
10.285616
9.126186
10.141850
12.181997
10.211945
9.882450
11.013746
11.279583
8.979797
9.586811
9.793758
9.609461
10.009766
8.332968
8.568287
8.148670
9.455204
10.245323
8.543730
9.500742
11.070728
10.051966
10.587692
10.775328
9.952307
11.011362
9.609699
9.048462
10.459900
9.283304
9.572268
11.102200
10.312557
10.881901
9.668350
9.346724
8.934736
9.561777
8.683443
9.395123
9.957552
8.968830
8.203030
9.125710
9.616137
8.787394
8.854866
9.439707
8.819580
10.066509
8.258343
9.010077
8.027554
8.312225
9.592056
10.132790
9.581327
9.389400
9.550333
10.207891
9.324551
9.203672
8.735657
9.873629
8.479595
8.274555
8.032322
8.296013
9.083509
8.839369
9.329081
9.195566
9.417534
8.894920
9.446621
9.293079
8.232832
9.017229
8.703232
8.249998
9.327888
9.239197
8.438587
7.914305
9.419203
9.489298
8.285284
8.373260
9.477377
9.555578
9.179592
9.080410
9.013653
8.348703
9.262323
9.089708
8.939266
9.431601
9.486437
8.284330
8.890629
8.877516
8.942604
9.598494
9.004593
9.149551
9.788275
9.648085
8.981943
8.313894
9.249926
8.746147
9.083033
8.476973
8.180380
9.231091
8.324385
9.017467
8.902311
8.847713
9.131432
8.821726
9.867191
8.810520
9.379148
8.480072
8.778572
9.337187
9.226084
8.390427
8.669138
9.470701
9.148598
9.713173
8.390427
9.060860
8.707762
9.860516
8.147717
8.882761
9.674788
10.026693
8.266211
8.094072
8.669376
8.590937
9.439468
8.582115
8.194685
9.431601
8.553028
8.772135
8.591175
8.696795
8.895874
8.899689
9.367943
9.365797
9.749889
8.896112
8.452177
9.353161
8.956671
9.838820
8.967876
10.266304
10.050297
8.352757
8.705139
8.695602
8.837700
9.875774
8.810282
9.293556
9.041309
9.823084
8.436918
10.782003
9.219646
9.139538
9.312868
8.759260
9.262323
8.762360
9.399891
9.630203
9.456635
8.670807
9.658575
8.144617
9.524107
9.399891
8.453846
9.161234
9.492159
9.961605
8.558750
8.913994
8.855820
9.760618
8.708477
8.957624
9.383678
8.199930
9.841919
8.713007
9.698629
9.873390
8.763552
8.754015
9.371281
8.237362
9.190559
8.753300
8.650064
9.922981
9.112597
10.181189
8.695841
9.199381
8.602142
8.318663
8.621931
8.600712
9.296417
8.598089
9.778500
8.911371
8.346558
8.128166
10.175705
9.018898
8.759022
8.227587
8.992672
10.754347
9.611368
9.575844
9.030581
9.078264
9.337902
8.375883
9.866953
9.428024
9.345293
8.853912
9.663582
9.695292
8.659363
9.436131
9.729624
9.197950
8.299828
9.501934
10.339022
9.557724
9.122610
9.117842
9.807825
9.041786
8.892536
9.833097
9.102821
8.901358
9.024143
8.156776
9.176016
8.874655
8.626699
9.142160
8.217573
8.628368
9.940863
9.790897
8.487225
8.950949
9.180307
9.715557
8.141518
9.720564
8.850813
8.311033
8.402109
8.943081
9.036303
9.468079
8.589268
10.009527
8.594275
8.846760
8.367538
8.892775
9.277105
9.608269
8.321285
10.126352
8.681297
8.904457
8.546829
8.434057
8.744478
9.428263
9.560823
9.322882
8.674622
8.892059
9.358168
8.620262
8.135080
8.077860
8.708954
9.247303
8.710861
9.582043
10.324955
9.382248
8.617163
9.176493
8.460522
9.342909
10.006905
8.309364
11.305332
9.618759
9.437799
9.851217
8.558989
9.733200
9.831190
8.518457
9.357452
8.160114
7.835150
8.343935
8.763313
9.393215
8.948326
8.131981
10.008097
9.055614
9.521723
10.558605
8.393288
9.091854
9.664774
9.057522
8.928537
8.308411
9.422541
9.751081
8.150339
9.858370
9.641409
9.678125
8.172989
9.765387
8.405924
8.054495
8.569241
8.205175
10.626793
9.012938
8.872747
9.204388
8.522987
8.817434
9.232521
8.771896
9.131908
9.030104
8.290291
8.297920
9.057045
8.363008
10.378361
8.867502
8.966923
9.158850
8.378267
8.429050
8.749247
10.071278
7.888317
8.252621
7.839203
8.703947
9.038448
10.174513
8.440971
8.835316
9.982586
9.458542
9.097576
9.268999
9.786129
10.097742
9.235859
10.382414
11.512280
9.464979
9.617805
8.465052
8.542061
9.973526
8.908510
8.693933
9.305477
8.839846
9.339809
8.214235
7.863283
8.457422
9.252310
8.127213
8.380651
8.724928
8.712053
10.043859
9.497404
10.212898
9.103298
8.823395
9.503126
8.708000
9.051561
8.489609
9.226799
9.350538
8.613110
9.088755
8.240223
8.778811
8.275032
8.037329
8.906841
8.962393
9.560585
9.142876
9.552956
8.641720
10.190487
9.472370
9.373426
8.895636
8.974552
8.695602
9.139538
9.237289
8.651733
9.414196
9.124756
9.527206
8.913040
9.496927
8.656263
9.361744
7.922888
8.305550
9.274960
10.457754
9.953260
8.507967
9.381294
9.854794
9.253740
9.567976
9.189367
10.040045
8.017302
9.038925
9.010315
9.464741
9.304047
9.621382
8.899450
8.638144
8.671999
9.150743
8.388996
8.464813
9.689808
9.108543
9.310007
9.692907
8.603334
9.181261
8.345604
8.671522
9.288788
9.334564
9.194374
9.679794
9.114265
8.704185
8.423567
9.763002
9.642601
10.217428
8.589745
10.058641
8.546829
8.396387
8.264303
9.343863
8.728266
8.558750
9.102106
8.485317
8.363008
9.541512
9.101868
8.738279
9.200335
9.238243
8.710623
10.358095
9.033203
8.639336
9.584427
9.424210
8.373976
8.855343
8.967876
9.486675
8.598566
8.443594
8.253098
8.783817
10.019779
9.377480
10.172367
9.151697
9.121895
8.843899
9.511948
8.699894
8.870840
9.711027
8.706331
9.134769
9.542465
8.865833
9.186268
9.000540
8.232117
10.130644
9.060860
8.986712
10.087729
7.290602
8.463621
8.696556
9.661674
8.760691
8.710384
8.452892
9.188175
8.873940
8.518457
8.585930
9.397030
10.768414
9.305954
7.929564
8.111715
8.536577
8.800268
8.327961
8.973360
8.641243
9.758949
9.899855
9.406805
9.307623
10.175228
8.083582
9.096861
8.188963
9.757042
8.874893
9.180546
8.791447
9.160757
8.716822
9.206533
8.987188
8.328438
8.293867
9.165287
9.518623
9.009838
9.539127
9.693146
9.587049
9.529591
9.722710
8.216858
9.081125
9.312153
9.263992
9.100676
8.143187
8.598328
8.726120
8.809566
10.462523
9.438753
8.842468
9.408236
9.546757
8.644819
9.973049
8.761644
10.047197
9.119034
8.954287
9.346247
8.749008
8.191347
9.303808
8.903027
9.218693
8.843899
9.698391
8.723259
8.553743
8.870125
8.953333
9.499073
9.021521
9.153843
9.586811
8.774757
8.259058
8.807421
10.741711
9.641886
9.965897
8.944035
9.268761
9.100676
9.084940
9.969473
8.738518
8.618355
8.625031
8.999109
9.278774
8.335829
8.585691
8.329391
9.392262
8.708715
7.827520
9.403944
8.222580
9.043455
8.533955
9.770393
8.846760
10.076284
7.989407
10.225773
8.449078
9.579182
9.599686
9.511948
8.486032
9.888411
9.786606
9.923220
8.929729
8.945942
8.861542
8.305311
9.968042
8.375168
9.003878
8.826971
8.679867
8.943558
9.797812
9.310722
8.075953
8.934498
9.483576
8.448362
7.269144
9.397268
9.623766
8.878231
7.904053
8.256674
8.156300
9.338140
9.224415
8.743286
9.042740
9.183645
9.401560
9.411573
8.605242
9.697914
9.260654
8.533955
9.643078
8.552313
8.609772
9.451628
8.657217
8.767366
8.744717
9.087324
9.059906
8.497715
9.302139
9.396553
8.351326
8.878231
8.673429
8.562088
9.452343
8.477926
9.124041
9.136438
9.302855
9.180784
8.259058
9.291887
8.281708
9.014130
8.250475
10.527134
9.216547
10.123253
8.631468
9.948492
8.947849
9.446621
10.016441
9.890556
9.720087
9.263992
8.772850
9.687424
7.674456
9.091377
9.148359
9.363651
8.419752
8.341074
9.710789
9.484529
9.226084
8.581400
10.022402
9.809971
8.918047
8.826494
9.012699
9.451628
9.309530
9.117603
8.975029
8.710146
8.730650
8.481264
8.503675
8.479357
9.488344
9.587526
8.547783
9.098291
9.353638
9.245157
8.848906
9.275436
11.876583
10.887146
8.626461
8.579969
8.926153
8.977890
8.797169
8.660078
10.060072
9.556055
8.852005
8.518219
9.105921
8.444786
8.603573
8.939266
9.149313
8.881807
9.397507
9.081125
9.472847
9.000301
8.878231
9.091854
8.914232
8.654594
10.540962
9.464264
8.504629
9.551525
9.203196
8.707523
9.800196
9.463787
8.700371
8.452177
9.981394
9.553671
10.765791
10.550261
9.539366
9.459257
9.203672
8.593082
8.389711
9.391069
8.924246
9.268999
9.332895
9.597778
9.654045
8.994579
8.737326
8.279324
8.989573
7.915258
8.223772
9.217024
9.280920
8.395910
9.523630
9.328127
9.297848
9.868145
9.051323
10.007620
10.529041
8.473158
9.129047
9.800673
8.870363
9.372473
9.819984
9.031296
9.183407
8.687019
9.491920
9.262562
11.308908
8.757114
8.858919
9.485960
8.876324
9.421825
8.877277
9.144306
9.770632
9.232283
9.817362
8.778334
10.404110
9.973526
8.701086
10.767937
8.825302
9.458542
8.170366
10.042191
8.930922
9.140491
9.541035
9.955645
9.308338
8.691072
9.308338
9.489536
8.698463
8.444786
8.277655
9.576082
10.110855
9.097338
9.647608
10.292530
11.139631
10.518312
11.570454
8.588314
10.153532
11.856556
10.776281
9.333134
8.745909
9.422779
11.634350
10.554075
11.064768
9.674311
10.028839
9.930372
11.541367
11.845350
10.186434
11.305094
9.968758
11.076927
7.869482
10.304928
10.247946
8.149385
9.873629
8.134604
9.170055
7.410765
9.355068
8.249998
8.167267
9.580374
9.676456
11.581898
9.434700
8.668184
8.613110
9.026766
9.331226
9.811401
9.706497
8.646011
9.279728
9.390116
9.206772
8.860111
9.712934
10.098934
8.970976
9.335279
8.754015
8.428097
8.988619
8.371353
9.014606
9.159803
9.117126
9.803534
9.042025
8.737326
8.508444
8.301735
8.721590
19.156456
8.450747
10.984182
10.240316
9.691954
8.176804
8.739710
8.736849
9.594917
10.511637
19.338131
10.086536
9.125710
8.620739
9.429216
8.812189
8.947849
9.623289
8.002520
8.296728
9.071112
10.869026
10.695457
9.935141
10.144711
9.160042
9.003639
8.070946
9.407997
8.861542
10.006428
10.949373
9.003878
9.541988
9.158850
8.445978
9.027004
6.958008
9.294748
8.571148
8.753300
8.648396
8.617878
8.014917
8.837461
9.195328
9.474993
9.306669
9.320498
8.430719
8.342266
9.105921
11.097193
9.624004
9.062290
8.938551
8.174419
9.404659
9.477377
9.205818
9.125471
9.922743
9.067774
9.814501
8.927107
7.995129
8.855104
10.107517
9.111881
9.049892
9.440660
9.593010
9.543896
9.365559
9.221554
9.545565
8.300304
8.283615
9.442329
9.356737
9.183645
8.964539
9.388924
9.949446
10.443211
8.471966
10.102034
9.658813
8.908033
9.181738
10.246277
9.635687
9.730101
9.124994
9.238958
10.149717
8.869410
10.159969
9.347200
8.118868
9.595633
9.011507
9.046316
8.882523
9.278774
9.702682
8.898973
9.925604
9.298563
9.892464
9.292126
9.458780
8.987904
9.034157
8.557558
8.302450
10.154247
9.506941
8.147478
8.679628
10.153294
10.300398
9.006977
8.576393
10.057688
10.458946
9.307623
9.444237
8.805275
8.784056
9.438992
8.341551
9.873152
8.295536
9.057522
8.303881
9.281874
8.765936
8.498192
8.755922
8.953333
8.924246
9.604216
9.618759
7.897139
8.170128
8.618832
8.508921
10.257959
8.486748
8.295059
9.640932
9.617567
9.143829
8.815765
8.297443
8.504868
8.565187
9.753704
9.577751
9.240389
18.038034
8.527040
8.540154
9.234428
10.394812
8.678675
9.104490
8.956432
8.350372
9.344816
8.995533
8.712292
9.699583
9.389162
7.964849
8.229256
8.782864
8.723974
9.219170
8.212805
9.107590
8.728981
8.791208
9.393692
9.664774
8.494854
8.237600
9.723425
9.734154
8.566141
8.430719
9.815216
8.319616
10.278702
9.451866
11.547804
9.067535
10.179520
8.881330
8.024931
8.478165
9.293079
9.877920
8.341312
8.428097
9.433031
10.598898
8.778334
7.891417
7.834911
9.019375
9.552002
8.286238
10.075808
9.329557
9.919167
17.363548
9.836435
8.306026
20.403385
8.412600
8.293390
8.341789
8.713484
9.593487
8.365631
8.239985
9.386539
8.812428
8.418798
8.190632
9.493113
9.158373
9.888887
9.504318
9.403229
9.219646
9.761572
8.748293
8.753300
9.778261
8.762836
8.673429
8.392096
8.900642
8.826017
9.643078
8.363962
9.955645
9.708405
9.184837
9.237766
8.892298
9.568691
7.957458
8.814335
8.742094
9.197712
7.928371
8.833170
8.326769
9.281397
8.806229
9.212494
8.948565
8.782148
8.263588
8.475304
8.865356
8.456469
9.255409
9.496450
9.533882
8.741617
9.826183
9.737730
8.891106
8.838654
8.051157
9.126425
10.361195
8.664846
9.115934
9.185791
9.331226
9.325743
9.062290
8.410454
8.692980
9.288073
8.938074
8.908987
8.441687
9.625912
9.756327
8.710623
10.069370
10.334969
10.802269
12.703419
12.556314
12.726545
12.545586
11.833191
11.960506
11.663914
9.569407
18.791914
11.859179
10.934114
8.675814
8.417845
9.436607
10.660172
9.675503
9.901047
9.591579
7.990122
8.853436
8.551598
9.097815
9.143114
9.398937
8.166313
9.417534
9.647131
9.373903
9.701252
8.360386
8.220911
8.507252
9.771347
8.988857
8.531332
9.316683
9.290934
8.711815
9.836197
9.332418
8.645773
10.856152
8.698702
8.087158
9.480000
8.556604
8.655787
11.202335
9.113789
9.554625
8.486271
8.790255
9.733438
9.805679
9.466648
9.065151
8.979559
9.108782
9.397507
8.335590
9.052277
9.852409
9.258747
8.605719
9.043455
8.428097
9.781361
9.095430
8.115530
8.665800
8.487225
8.961916
10.153532
9.388447
9.284019
9.955645
9.181261
9.574890
9.507418
9.387016
9.351254
8.526325
8.569956
8.625031
8.332014
9.109259
9.448528
9.724855
8.392572
9.798050
8.437872
9.020567
8.492470
8.841276
9.215355
9.509325
10.332346
8.726835
10.082483
8.685350
9.704590
9.602070
9.243488
9.309053
8.289337
9.112835
8.326292
9.066105
9.165049
8.775711
9.526014
9.246111
8.779526
10.603428
10.874271
12.183189
12.159824
12.665749
11.679411
12.830734
12.403727
11.670351
12.863398
12.847424
11.703253
11.709213
9.714127
9.896517
8.842230
9.148121
9.163380
9.366751
8.418560
9.030104
8.460760
8.259773
9.080410
9.488583
8.197069
8.962631
8.156776
9.372711
9.446383
8.846760
8.821964
9.054661
9.444714
8.593082
8.530378
9.224653
9.880781
9.352922
8.586407
9.433746
8.961916
9.478331
8.376122
9.533405
9.520054
8.379936
9.501219
9.305477
8.826256
8.996725
9.135962
8.133173
9.845734
8.983374
9.013653
9.089947
9.256124
9.277344
8.772135
8.347988
9.325504
8.401155
8.809805
9.780407
8.720160
8.214235
9.317875
10.075331
9.292603
9.896994
8.702278
9.491920
9.480238
9.136677
9.104967
8.446217
8.774042
9.175777
8.657455
10.079145
9.379625
8.738041
9.149790
10.343552
9.362698
9.054899
10.731220
9.423733
9.598255
10.282040
8.025408
9.274721
9.485483
8.771181
10.154247
9.645224
8.299351
9.121656
10.695457
9.324312
9.283543
9.263039
8.828878
8.598804
8.283854
9.206533
9.296656
9.227514
8.566141
8.532763
9.549618
9.099007
8.502960
9.096384
10.191441
8.703947
9.731054
9.265423
9.023666
9.119987
11.366844
9.660959
10.396242
10.052443
9.265661
8.849621
9.251356
8.076191
8.151054
7.992029
10.173082
8.296013
9.545565
9.025574
10.081530
9.470463
8.362770
8.537292
10.038853
8.134842
9.011984
9.418249
9.615421
9.481907
9.256840
9.719849
9.077072
8.319139
8.315802
8.819103
7.812500
9.196520
8.478880
8.182764
9.700775
8.794785
8.996248
9.507895
8.425474
8.308649
8.827448
9.569883
9.380579
9.145260
9.646177
9.486914
8.848190
8.568048
10.382175
9.347200
8.867502
9.317398
9.728670
8.700371
8.725405
8.096695
9.365559
8.781910
9.395838
8.403540
8.579016
11.490107
11.668444
11.272669
10.324955
12.374401
10.987043
11.948347
9.733200
12.267113
12.656927
12.036324
10.637760
9.823084
11.731386
11.083364
8.479357
9.815693
9.767532
8.424997
8.790970
9.127617
9.072542
8.168936
10.329247
8.656502
9.635210
9.703636
9.255171
9.482861
9.016275
9.076118
8.232355
8.213520
8.499622
8.685112
8.784056
8.368492
8.992434
8.161783
9.011030
9.831905
8.384466
8.879423
8.969784
8.969545
9.270430
9.305954
8.882761
8.753061
9.187698
9.769678
9.485245
9.488106
8.127451
9.600401
9.510040
10.751963
9.081364
9.153843
9.051085
8.701086
10.109425
9.264946
9.029388
9.918213
9.047985
8.489370
8.617163
9.285212
9.003639
8.520126
8.630037
9.123802
9.771347
8.397341
8.802891
9.467840
8.532524
9.374619
9.033203
9.345055
9.268522
9.279728
9.378433
9.507656
9.100676
9.119034
8.911133
8.418560
9.230137
9.565115
8.837938
9.886503
9.782076
9.935617
9.455681
9.418726
9.339333
8.330822
8.862734
9.928226
8.918762
9.274244
8.349419
8.339882
8.278370
9.139061
9.582281
9.329796
8.974552
8.550644
8.141756
8.870840
8.051395
8.202791
9.405851
9.641647
9.235144
9.085655
9.410381
9.040594
9.291172
8.694649
8.203506
8.369207
9.621859
9.531260
8.847475
9.473085
9.924412
10.036469
9.239912
9.713888
9.565830
11.642456
12.714624
12.092829
11.313438
12.224197
10.546684
11.451960
11.488438
11.196852
10.993719
10.062456
11.745691
11.545897
12.222052
11.578560
12.366295
13.005257
12.461424
12.329817
11.381626
12.526512
11.884689
11.712551
12.372017
13.010740
12.236834
12.504816
12.025833
11.442661
11.881590
12.893200
11.284113
12.290955
12.285948
12.064219
11.561871
11.529922
12.149334
11.570692
12.102127
12.234211
11.851549
11.396408
12.222767
8.956432
20.812273
9.048700
10.981321
8.256674
10.118008
10.648966
8.740664
9.662151
8.464575
8.867025
8.320808
12.485504
11.439085
12.672186
12.431622
11.698484
12.326479
12.024164
11.053085
12.117147
11.795998
11.819601
13.450384
10.434151
12.177467
12.178183
10.360718
10.261059
11.341572
12.791395
11.946917
10.352135
11.163473
12.171030
11.965752
10.353804
10.100603
11.809111
11.881113
11.292934
12.015104
10.172606
11.929750
11.545420
12.264013
11.706591
11.934996
11.866570
12.907028
11.637688
9.740829
10.907888
9.718657
7.901430
8.604050
9.401560
8.778334
9.365320
10.092974
10.941029
10.268688
10.997295
7.814646
10.075808
8.392572
11.585474
7.606268
12.296438
8.412600
11.382818
8.543253
8.915186
8.102179
7.683754
10.439634
7.958412
10.727882
8.548021
8.166075
8.266926
8.957863
7.827520
7.691383
9.963036
9.351492
8.338928
8.780718
9.823561
9.889841
11.117458
9.464264
9.478569
9.216309
12.580156
12.143612
11.915922
12.191772
11.798620
11.197567
9.360790
8.061886
9.613276
19.136667
10.370731
9.099483
8.682013
8.819580
9.067535
8.614302
8.783102
8.725882
8.830547
10.099173
9.498835
8.085012
8.801937
8.744955
8.581638
8.485079
8.413076
9.078979
10.154724
9.924173
8.769751
8.343697
9.016275
8.680582
9.816408
8.303165
8.894444
9.662151
8.991003
8.713722
8.028507
8.754969
10.192871
10.183334
8.671999
8.859873
9.491444
9.852409
8.075953
8.542061
9.404898
8.609533
8.506536
8.711576
9.230375
8.750677
8.399010
7.835150
8.651257
8.925200
8.748531
8.844614
9.358644
9.114027
9.307861
8.623600
10.782003
9.711027
8.619547
8.700609
8.528709
8.283615
8.337975
9.606361
9.190083
9.205818
9.711266
8.600950
8.172512
9.086609
13.075113
12.585402
11.405706
12.219429
11.903524
12.637138
12.538671
10.815144
10.283709
11.688471
10.878325
12.405634
12.619495
11.457205
12.301683
9.863377
11.508703
11.279583
10.257483
12.913942
12.346983
11.556864
11.837482
12.492418
12.564659
12.275696
12.522221
11.512995
11.845589
12.395144
13.261557
11.310101
12.368202
11.214972
9.791851
11.526823
11.675835
11.612415
12.636185
10.530710
11.898994
12.726784
11.523962
11.424541
12.084484
12.437820
12.431145
11.373758
12.135506
11.730671
12.028456
12.052298
11.220932
11.950731
12.193918
11.162281
12.534857
11.499166
10.860205
11.249304
11.858463
11.426449
10.063887
11.686087
12.299061
11.706352
12.546301
8.966923
10.555506
9.583950
9.017944
9.360313
8.788109
8.781910
9.196758
8.556604
9.788990
9.158611
9.142160
10.633945
8.613348
8.376598
8.482933
8.716106
9.183884
9.415150
8.661509
9.131432
8.603096
8.263588
10.602236
8.498669
8.067846
8.652210
8.360624
9.546280
9.385109
8.843422
9.376049
8.906126
9.634256
8.469820
10.165453
8.909941
9.707451
8.222818
8.780003
9.539127
8.864164
8.898735
9.343386
8.297920
8.632421
10.182381
9.729385
9.846210
9.654760
10.253906
9.798527
9.430885
8.279562
7.974386
8.565664
9.118319
9.064198
9.584665
8.730888
9.332895
8.698940
9.581804
9.125948
9.079218
8.919001
9.556770
8.529186
9.618282
10.540962
8.863449
8.739948
9.403229
9.946108
7.886648
8.790731
9.954453
9.529114
18.608570
9.842157
8.602858
8.404255
8.501053
9.090424
8.677483
10.794640
9.418964
9.750605
9.056568
8.577585
8.496284
8.851051
9.023905
8.801460
9.652376
8.228779
16.644478
8.654118
8.062840
9.352446
9.870529
9.366035
8.572817
10.218382
8.596659
8.086681
9.192228
8.036375
8.419991
9.939432
11.229753
11.469364
12.164593
11.658192
12.342215
11.375427
10.091543
10.935545
10.416269
11.470318
11.568785
9.900331
9.818077
8.574963
9.881973
8.700609
8.677006
9.321451
8.764744
8.745909
10.242939
8.599758
9.873867
9.027004
9.509563
8.534908
9.544849
8.917809
8.701086
11.652231
11.517286
12.305498
8.564234
17.353535
9.541035
9.325981
9.178877
9.685755
8.546829
8.680582
9.805918
8.685350
9.951830
8.745909
10.157585
9.279728
9.160042
8.466482
8.859634
9.790659
8.768797
7.954359
9.275675
9.433508
9.579420
9.169579
8.452177
9.802341
9.335756
9.524107
9.274721
8.922577
9.823561
9.298325
10.213852
9.206057
9.088039
9.411335
9.536028
8.778811
9.314060
9.306669
8.652925
9.620667
8.990049
8.542061
8.934021
8.150339
8.531809
10.154247
9.497404
9.430170
9.432793
9.491205
8.615971
8.215189
9.796858
9.110212
9.724140
8.878946
9.308338
9.639502
10.010719
9.045839
9.079695
8.888245
8.866072
9.884834
9.895086
9.453773
9.459972
8.497715
9.439468
9.406567
9.195805
8.670092
8.524418
8.941412
9.046316
8.657932
8.918285
9.537458
8.949995
9.296894
9.524345
9.706020
8.951426
9.102106
8.872509
8.669138
8.048296
8.628845
9.695292
8.519650
8.190870
8.831978
9.715319
9.464741
8.911610
9.000778
7.918596
9.446621
8.751631
8.620024
9.439945
8.326054
9.070158
8.979321
9.106636
9.301662
8.887291
8.675575
9.944439
9.567261
8.827209
8.536100
8.503199
9.299994
9.880304
8.242607
8.277416
9.170771
7.932663
7.552147
8.614302
8.041382
8.190155
8.520842
9.935856
8.635759
7.740974
9.623766
10.225296
9.329081
9.999037
9.653807
10.272980
10.502100
9.355545
8.657455
8.978367
9.366274
9.017706
9.784460
9.066582
8.605003
9.877205
8.617878
9.145498
9.111166
8.568525
8.737564
9.518147
9.501457
8.324862
8.431196
9.573936
9.096146
9.661436
8.318901
8.897543
9.790659
10.096550
8.726358
9.083748
9.640455
8.780241
9.230852
8.566856
9.997129
8.692026
10.125399
9.896994
8.836985
8.459806
9.326220
9.076595
8.170843
9.265661
9.154558
9.605885
9.378195
8.793354
7.857084
8.027554
8.491516
8.746386
8.372068
8.222342
8.736849
8.966446
9.259701
10.382414
8.686304
10.224104
10.006905
9.965420
8.883715
10.076761
8.638620
9.436846
9.030819
8.270264
9.367943
9.076357
8.858204
10.356426
9.890079
9.923458
9.171009
9.292603
7.883787
8.699417
9.018183
8.466959
8.657932
9.449005
9.291649
9.208918
8.087397
8.190155
9.577990
8.877039
8.975506
8.600950
8.324146
8.373976
9.492159
8.898020
9.210587
9.166002
9.358168
9.599686
8.665800
9.009838
8.894444
9.394884
9.037733
9.305477
8.999586
8.940697
7.643223
8.145809
9.768486
9.299994
8.219481
10.973692
10.812044
9.569407
10.729551
8.652687
9.116173
9.397030
8.956432
9.849072
9.285450
8.935452
8.402109
8.197308
8.044720
8.844852
9.720564
8.921862
9.350538
8.485079
8.641481
9.635210
8.773804
9.641409
9.268761
9.512901
8.584023
9.854555
10.031700
10.309935
9.292603
9.617090
9.367228
9.979248
9.925127
8.392811
7.780552
8.495331
9.967089
8.760452
8.948565
8.361101
9.272099
8.734703
9.162664
9.275675
9.201288
9.230375
9.438276
8.460045
9.015322
8.599520
9.226322
8.545399
8.377314
8.854628
8.275986
8.322001
8.627653
8.425713
7.589579
8.625984
8.808613
9.093285
8.997917
8.544683
9.144068
9.124756
9.454012
9.056091
9.026289
8.342981
9.926796
8.601427
9.135485
9.293079
10.276794
9.522676
8.772135
9.256840
8.685827
8.467197
8.084536
8.404493
9.594440
9.072065
9.393454
9.258747
8.291006
7.979393
8.078098
8.372068
8.312464
8.393049
9.768963
9.609938
9.727001
8.186817
7.900715
9.532213
8.597612
9.437561
8.499861
9.307384
8.502960
8.277178
9.363174
8.450270
9.618759
8.698225
9.054661
8.318901
9.530067
9.225130
10.851383
10.505915
11.145830
8.592606
8.949518
9.192944
8.789301
8.527279
8.347511
8.312941
8.940697
8.792400
9.414673
9.449005
8.234739
8.060694
8.815289
8.605242
10.484695
8.737803
8.943558
8.996725
9.315014
9.093285
10.072231
9.275198
9.313107
9.490490
9.008169
9.126425
11.635065
12.161016
12.753963
11.719942
12.041807
12.197733
12.206316
12.221098
11.159182
11.680365
11.971474
11.613369
11.418819
12.129068
12.816668
11.912107
12.267351
12.132645
12.787580
12.082100
10.759592
10.411501
11.649847
11.930227
11.828661
12.029886
12.017727
11.539221
11.761189
11.264801
10.580778
11.560440
11.895657
10.980368
10.584831
13.425589
12.259960
9.897232
12.257338
11.107922
11.937857
12.178421
11.285067
12.650013
12.014389
8.794069
9.146690
9.977818
10.863304
10.929108
11.821985
11.308670
11.144400
10.730267
10.278463
11.225939
10.869026
11.115551
10.444403
11.403799
11.727571
9.911776
12.133837
10.005951
11.222601
9.377241
9.440422
9.245396
8.681536
10.152578
8.809328
9.001970
8.941412
9.441614
9.900331
9.145975
8.426905
8.198977
8.723259
9.336948
9.809971
9.255886
9.078026
9.089470
8.800745
9.174585
8.321047
8.640766
9.035587
9.807348
9.132147
8.557796
8.576393
9.778738
9.364128
8.148670
8.892298
9.340763
8.243561
9.632587
8.706808
8.431911
8.568525
9.062052
9.880781
8.878946
8.247614
9.016514
9.348869
9.963989
8.179665
8.490801
10.426998
9.635210
10.184526
10.351181
7.412434
9.150267
9.519577
10.689735
9.137392
9.451628
9.391785
9.161949
8.588552
8.402824
9.534597
9.360075
8.510828
9.048700
9.096146
9.480476
8.521318
8.686066
8.941174
9.685040
9.128571
8.291245
8.692741
8.481264
8.454561
8.495331
8.313179
8.011103
8.319616
9.469986
9.040117
8.316040
10.001421
11.635780
12.122393
12.490273
11.645794
11.640787
11.441946
11.637449
12.443781
10.558844
12.076616
10.370255
11.551857
12.919188
11.609316
13.151169
10.734797
11.607885
12.509584
11.800289
11.357307
11.835098
11.706591
10.944366
13.371468
14.249802
11.489391
10.710001
11.134386
9.749651
8.483648
11.737347
11.238337
8.721828
10.213137
8.223534
10.928631
8.314610
10.041237
10.006189
9.608269
9.296417
9.430170
12.131214
10.217667
13.459444
9.158611
7.731915
8.070707
9.472370
8.956671
7.629871
8.026838
9.175539
9.170055
9.063721
10.989189
9.725571
9.118557
9.163380
10.172129
9.595156
9.115696
8.227587
9.627342
8.033514
9.980679
9.014606
9.760141
8.996248
9.627819
9.766102
9.598494
8.714914
8.467913
10.326624
10.262728
8.904457
11.033773
9.730577
9.162188
9.409428
9.447336
8.592367
9.258986
9.668350
8.142233
8.182287
9.007692
10.615110
10.466576
11.911869
9.181499
9.175062
9.117603
9.449482
8.965731
10.136604
8.667707
10.175228
9.390354
8.187771
8.873940
8.631706
8.566141
9.118795
9.708881
8.847237
9.410620
8.802652
10.525227
9.499550
9.649515
9.568453
9.354115
10.625839
9.823561
9.990215
9.116650
8.899689
10.463953
8.788109
9.547710
8.670092
8.068323
9.187222
9.902716
8.948088
8.252144
8.478880
9.447336
8.697987
10.001659
8.479595
8.289337
8.195162
8.484125
9.280682
9.153128
9.084940
9.328842
9.812355
9.071589
9.640455
9.028912
10.301828
10.449648
10.388136
9.567022
9.101391
8.586884
9.754419
8.895636
9.977341
9.597778
9.452820
9.248734
9.764910
8.703947
12.184620
11.772871
12.463570
12.032032
10.598421
11.786222
11.712790
12.405872
11.238098
12.163639
12.010098
10.788202
12.546301
11.261225
12.257338
11.951208
12.374640
11.355400
12.033224
12.349129
11.600733
11.652708
11.387825
10.182381
12.141705
11.495113
13.501406
11.160374
12.672663
11.513472
11.087418
10.990143
12.099743
11.661530
11.729240
11.632442
12.088537
11.903048
11.503220
11.071205
10.758638
11.294603
11.864424
11.924744
12.070179
9.999275
11.362553
11.992216
11.924982
11.332273
11.889935
11.617422
10.232210
10.019541
11.462688
12.406588
10.100842
10.824442
11.080027
11.883259
11.215448
10.935068
12.187481
11.059761
7.489204
27.908087
8.113861
19.774914
9.347677
9.229183
9.423971
9.425163
8.684635
9.011030
9.138823
8.296251
8.596897
9.720564
9.369612
9.291410
8.244991
8.965969
8.373260
9.154081
9.290695
7.983446
8.832455
9.236336
8.716583
8.406878
8.249283
8.640766
9.003878
9.212494
8.487701
9.344101
9.483576
10.729551
7.548332
9.588718
9.091139
8.940220
9.221792
8.642673
9.550571
9.722233
7.579327
8.648634
8.517981
9.407759
9.279966
10.105371
10.053158
10.384321
8.839846
8.207798
9.096146
9.952307
8.421898
8.155584
9.272575
8.786678
8.863449
9.623766
8.806705
8.396864
7.975817
8.425236
8.305550
8.221865
8.245707
8.735180
8.550644
9.819746
10.222912
8.467913
9.545326
9.515524
8.699894
8.634090
9.109974
9.535313
7.853985
8.001804
7.897854
8.777857
9.368420
8.368731
9.222031
9.333134
8.279562
9.017706
9.280205
9.062767
8.800268
10.148525
9.702206
9.206533
8.447170
10.023117
9.514332
9.258986
8.521795
8.450985
8.104086
9.166956
9.637833
8.039236
8.261442
8.329868
10.400534
10.194778
9.974003
7.907867
8.589268
8.345366
10.357857
8.433819
10.566950
9.490728
8.769035
9.260654
9.140730
9.492159
8.422852
10.277510
8.385897
8.821011
9.725571
9.185553
8.653164
9.182215
9.364367
8.489609
9.983778
9.327173
8.507013
7.915258
8.046150
8.799791
8.173227
8.174896
8.194685
9.850025
8.260250
7.970572
7.888079
9.154081
9.516239
10.308266
8.835554
8.459330
9.972572
9.061575
8.621693
8.558989
9.853125
9.526491
8.890152
9.787798
8.874178
9.247303
9.290218
8.780956
8.446455
8.247852
8.552313
9.157419
9.922266
9.116173
9.961367
10.396957
10.140657
8.415461
9.569168
8.341074
8.084774
9.579182
8.511543
8.898020
9.163618
9.442329
9.220362
9.290457
8.799076
8.606434
11.099100
9.557486
9.995699
10.319948
8.622885
9.438515
7.796049
9.311914
8.506298
9.995461
8.590937
8.634806
9.423733
9.509325
8.091211
8.529186
9.266853
8.367538
9.240389
8.841276
8.400440
8.015633
8.847952
9.355068
10.270357
8.619308
8.294821
8.558035
8.411169
9.678602
8.655548
10.874033
10.196924
8.473635
8.525848
9.920120
9.181023
9.991407
9.248495
9.146929
9.914398
9.188175
8.858442
8.514404
8.340836
8.533955
9.264708
10.136843
8.406639
9.340286
7.920027
8.692741
8.751392
9.392262
8.879662
8.711100
8.332968
8.398533
9.486437
9.910822
9.117603
8.656979
8.838415
9.109735
9.408236
9.103298
8.971453
9.722471
8.857727
8.291245
8.738518
9.548426
8.784771
9.745359
8.873701
8.087158
8.721352
8.777857
8.538961
8.976460
9.684563
8.600712
8.689880
9.862423
8.802891
9.070158
9.049177
8.697271
7.606268
9.177685
9.240150
9.698868
8.016348
10.940790
12.320995
12.007475
11.469841
10.158062
8.809805
8.686543
9.483337
8.685112
8.167505
9.380817
9.136677
8.560181
8.313179
8.749962
9.389400
8.901358
9.239912
8.571386
8.322001
9.032726
8.959055
8.733273
8.702278
8.809090
9.007454
9.988785
8.494616
8.317947
8.450270
9.721756
8.369923
9.311914
9.837151
9.357929
10.093451
8.345366
7.871866
9.284258
8.936405
8.378744
8.319378
8.313656
8.848190
8.701801
7.584810
8.740664
9.322643
9.132147
8.635759
8.699417
9.096146
9.127378
8.790731
8.302689
8.789539
8.415937
10.951996
12.413025
11.963129
12.288094
12.200117
11.968136
11.533022
12.009859
11.471272
9.863377
11.668921
9.634733
11.266470
10.790586
11.656523
10.984898
11.890173
11.693001
12.745619
12.926340
12.094975
11.079311
11.218548
12.088776
11.969328
11.298656
13.088703
11.744976
11.200905
11.593342
12.266874
11.699200
11.615753
12.035608
12.653828
8.824110
9.520769
10.476351
11.825085
11.640549
11.217356
11.913538
11.345148
11.574745
10.544062
9.651423
8.370161
8.216619
10.026217
9.667873
8.637667
9.258986
8.902788
8.340120
8.981228
8.543015
9.457827
9.959698
8.671045
10.039330
9.469032
8.296490
9.708881
8.504152
10.710716
8.463144
9.124041
8.802891
9.465218
8.487463
9.630680
8.537531
9.802341
8.865595
8.550167
8.689880
10.122538
8.992672
9.706259
9.779453
9.775162
8.981466
10.238171
7.922888
8.476734
9.252787
8.971930
9.482622
9.081841
8.342505
7.739544
8.709192
8.645535
10.084867
9.445906
8.533955
8.961201
9.345531
9.659529
9.219885
9.234428
8.812666
8.771896
8.597374
9.668827
9.629965
9.589672
9.032965
8.907557
9.297132
8.500576
9.970427
9.282589
9.120226
10.455847
10.236025
8.653641
10.236263
8.541107
8.119345
9.389639
9.486437
8.226395
9.389400
8.239746
8.024216
7.837534
8.147240
10.159016
9.463787
8.322239
8.767605
9.223700
9.642124
8.422136
8.522034
8.230209
8.418798
9.560108
9.172440
10.203362
10.253906
9.786129
9.506226
9.234428
9.116650
8.568764
9.657860
9.966373
9.484291
8.805513
8.804798
9.058952
9.205103
9.489775
9.027243
9.704113
9.724855
8.590460
10.396004
9.528399
9.359360
8.946896
8.424997
8.239985
9.039164
11.476278
11.967182
12.137890
11.705637
10.396719
9.921551
9.371281
8.534431
9.443045
9.482861
8.703947
10.541916
10.710239
9.122133
9.251356
9.245872
9.331226
8.739948
8.481979
8.449078
9.329796
9.334326
8.990526
8.600712
7.986784
8.410454
8.342505
8.285046
8.884907
8.329868
9.193659
10.022640
8.213758
8.417130
9.703398
8.374214
7.783413
8.568048
8.549213
8.475780
8.272409
8.452654
10.124683
11.706829
10.205984
12.949944
12.351036
11.905909
12.276649
12.293816
11.328697
11.855602
11.290789
11.603117
11.269093
10.666370
11.652231
11.071920
12.505531
12.439489
11.726856
11.921406
12.279272
11.444330
12.970209
11.274576
9.860277
12.337685
11.796951
11.612654
11.291981
11.839151
10.526419
12.443542
11.367321
11.445045
12.123346
12.437820
11.807919
11.603832
12.054205
11.598110
12.041092
11.593103
11.669397
12.660503
11.899710
11.280775
11.514664
12.681007
11.322737
12.377739
11.918068
11.913300
12.409210
12.488604
11.500835
11.034012
10.929585
12.034655
11.284590
11.487246
10.934114
12.319326
11.458397
10.158777
12.454033
11.322737
11.818171
11.616468
12.015343
11.651754
11.572599
11.633158
11.256695
11.904478
12.249470
12.185812
11.448860
11.161327
10.309696
9.051800
8.794785
8.774281
18.456459
12.322664
11.535883
12.512207
14.304638
14.085531
13.044357
12.671947
12.168407
12.600183
11.372805
11.926413
11.639595
12.040854
12.503386
10.686874
11.043310
10.673046
11.995316
12.868404
13.489723
13.268709
12.017727
11.779070
11.030436
11.993647
12.181282
12.691736
12.267351
10.254860
10.787725
12.809277
12.830257
10.877848
11.457205
12.461185
11.495829
12.502670
12.042046
12.658834
11.487484
10.957003
11.967182
12.952089
11.749268
11.755466
13.188839
11.519432
10.699749
11.543512
11.270523
11.595488
11.070013
16.800642
11.585474
10.398865
9.034157
11.925459
9.350538
9.540319
9.062529
10.546207
8.613586
9.062529
9.394407
11.886120
10.367155
8.550167
9.878874
9.373426
9.960175
10.075569
9.229660
7.973433
10.167837
9.423733
8.931637
8.665800
9.002686
8.029699
8.964300
9.187460
9.048939
8.883953
9.782791
9.845018
9.742022
9.159565
8.481979
8.799553
8.026123
9.488106
9.394884
8.297920
9.919167
9.800196
8.726358
9.299517
8.661747
9.244204
8.374691
9.393454
8.837700
9.109735
9.560823
9.175539
8.895159
9.283304
9.904385
9.480000
9.428024
9.121895
7.956982
8.946896
7.596970
9.313583
9.214401
8.182764
9.002686
9.760141
8.970499
8.959532
7.678986
9.265184
8.800507
8.069515
8.804560
9.229183
8.343458
8.409023
7.720470
8.181572
9.323120
8.366585
8.939266
8.755207
9.206057
8.209467
7.730246
9.000063
9.189844
8.366823
8.647203
8.345366
