104890.647650
104861.754179
104847.911119
104832.990408
104817.942142
104801.899910
104784.583330
104768.791199
104757.552862
104744.598150
104730.123758
104715.120554
104700.817108
104686.005354
104674.034834
104659.650326
104645.240545
104630.450010
104616.170168
104602.360487
104589.619160
104574.634552
104561.284781
104547.155380
104533.427477
104517.399788
104501.435041
104484.226227
104468.640804
104453.854561
104440.481424
104426.012039
104412.422180
104397.339821
104384.716034
104369.067907
104352.247477
104337.434292
104319.464207
104301.087856
104285.493374
104269.529581
104254.279852
104239.118099
104225.160360
104210.668802
104198.014021
104183.608532
104168.916941
104154.346228
104141.065121
104126.414299
104110.424757
104097.197771
104083.080292
104068.184853
104053.471088
104038.089514
104022.906780
104007.181883
103992.071867
103978.046417
103963.714838
103950.120211
103935.248613
103918.268681
103904.467344
103889.618635
103873.645782
103857.792139
103843.123436
103829.591751
103816.128016
103803.501368
103790.448666
103775.010109
103761.201382
103747.088671
103727.448702
103713.312864
103699.505091
103685.280323
103670.120716
103655.354023
103641.606331
103626.639843
103612.238884
103597.975254
103582.970381
103567.448854
103551.718235
103537.017584
103522.766829
103509.137154
103496.261358
103482.984543
103467.277050
103451.394320
103435.105562
103418.366671
103401.752234
103386.441231
103371.825695
103358.160019
103343.835592
103330.984354
103318.848848
103303.151846
103289.021015
103274.501085
103262.051344
89144.599676
89114.430189
89097.881079
89082.043886
89068.006992
89053.814888
89037.372351
89022.655487
89006.422758
88990.977049
88977.612019
88963.807344
88951.540470
88939.513206
88927.381754
88915.021896
88903.133154
88890.772104
88875.406981
88862.876892
88850.373983
88838.265419
88823.382616
88809.048414
88794.012547
88779.314756
88766.359806
88756.061077
88741.837263
88727.777243
88715.451241
88703.508377
88691.290379
88676.280975
88663.621187
88651.405334
88638.246059
88625.128031
88612.378359
88599.034309
88579.919577
88566.084623
88553.715706
88540.023327
88527.322531
88514.635086
88503.493547
88488.904953
88476.198673
88463.910103
88452.031374
88439.778328
88427.487850
88415.752649
88403.896809
88392.350912
88378.894091
88358.611107
88344.639540
88332.245588
88320.949554
88309.294462
88296.657562
88284.243345
88270.346642
88255.545139
88240.962505
88227.261305
88212.282658
88199.622631
88186.711550
88172.910690
88160.298586
88147.669554
88135.032654
88122.707605
88109.655857
88097.203016
88085.698366
88073.203802
88060.622215
88048.063278
88036.092758
88023.862362
88008.508921
87996.237755
87983.871460
87972.099066
87959.374905
87944.582224
87931.841612
87919.557571
87908.190012
87895.510674
87883.474112
87872.228384
87860.312223
87847.448111
87833.832979
87820.217133
87808.009863
87795.661211
87783.067465
87769.552231
87755.616426
87740.809441
87727.957487
87716.248512
87703.235626
87689.890146
87676.503420
87662.820339
87650.394678
87636.905670
87625.002861
87612.587452
87600.275993
87588.032722
87575.850964
87561.067104
87548.347235
87535.260201
87523.298025
87508.925200
87495.448828
87481.095552
87466.990948
87451.853991
87439.035416
87426.405668
87412.297964
87399.708748
87388.917208
87376.250744
87361.232996
87348.642111
87336.178064
59806.795120
59769.649506
59740.428448
59725.848675
59712.149382
59692.500830
59677.887678
59663.761616
59648.499966
59634.305477
59619.702816
59602.373600
59584.719181
59570.392132
59553.036213
59535.270214
59520.129681
59504.069805
59487.864256
59472.492933
59452.047348
59435.491323
59420.418501
59404.828310
59390.133858
59375.031948
59360.592842
59347.930670
59332.956076
59317.804813
59304.256439
59290.318966
59275.600672
59260.605097
59247.723818
59232.870579
59218.360901
59203.609705
59189.659119
59176.708221
59163.731813
59147.824526
59132.420301
59117.491007
59103.994608
59091.345310
59076.262951
59060.911655
59047.550678
59032.763243
59017.299891
59001.635551
58988.172054
58975.033998
58961.337328
58948.486328
58933.502674
58920.602560
58907.425880
58892.728329
58880.010605
58865.731478
58849.406242
58833.885193
58818.872929
58804.237604
58790.775537
58775.939226
58762.737989
58748.311758
58733.633280
58718.677044
58704.077959
58689.133883
58675.502300
58663.023472
58649.950981
58636.456728
58621.655464
58607.872009
58594.873667
58580.791235
58566.050768
58552.143574
58537.041187
58523.771048
58509.469509
58495.593309
58480.362892
58465.346098
58451.893568
58437.613487
58423.509121
58407.904863
58395.040512
58381.202459
58367.305040
58352.168798
58337.694645
58323.924780
58309.330463
58294.714451
58280.276299
58265.241146
58249.292612
58234.071493
58219.861984
58204.523087
58189.417601
58175.072432
58160.238266
58145.387888
58132.218838
58116.777420
58101.672411
58088.056326
58072.797060
58057.983875
58044.975519
58033.027172
58018.785715
58005.658388
57991.803885
57976.005793
57961.877346
57948.337078
57934.187651
57920.303345
57897.702932
57881.805897
57865.800142
57849.822283
57834.094524
57819.779396
57805.567026
57789.979935
57777.192831
57763.209343
57749.699831
57734.200478
57720.374346
57705.747128
57692.721844
57677.025318
57662.770271
57649.353266
57634.043932
57620.711565
57607.857466
57593.430996
57579.128504
57564.849854
57550.748587
57536.212683
57519.364357
57504.875183
57490.183115
57476.793766
57460.957527
57445.415020
57431.948900
57418.014526
57401.883364
57386.401892
57369.586468
57354.149342
57338.668108
57324.643135
57310.146809
57297.049761
57284.456491
57268.636942
57254.143476
57239.891291
57226.793289
57214.066267
57202.287197
57188.815832
57174.282551
57161.185265
57147.953510
57127.827406
57112.899303
57100.408792
57085.452557
57070.347309
57057.808161
57045.219660
57030.090332
57013.771057
56998.686552
56985.596418
56971.019030
56955.675602
56937.236547
56922.747135
56909.138203
56893.712759
56880.634546
56865.587950
56849.918604
56834.773302
56820.873737
56805.954456
56792.958021
56780.215740
56764.953375
56749.917746
56734.604359
56719.151258
56705.360413
56690.552473
56677.356005
56664.294720
56649.002075
56633.960962
56619.228125
56605.841160
56593.088388
56580.188274
56566.180468
56550.722361
56525.613070
56506.020784
56489.144325
56474.509239
56458.703756
56444.343805
56430.898428
56418.104410
56403.594494
56389.756203
56377.542019
56365.101337
56349.146128
56334.026814
56319.012403
56303.157330
56287.604570
56273.567677
56260.005951
56244.857311
56230.053663
56214.955568
56198.952436
56184.461117
56169.995546
56157.101154
56142.190933
56127.758503
56113.258123
56098.806858
56085.107565
56070.238352
56054.669142
56041.069746
56025.620937
56010.478497
55994.294643
55981.711149
55967.455864
55953.320503
55938.769341
55925.071955
55909.967184
55895.363092
55881.522894
55866.751909
55851.313591
55835.352421
55820.329189
55806.887150
55792.429447
55777.377605
55764.729500
55750.170946
55735.128880
55721.311569
55706.873655
55692.491293
55677.650213
55662.230968
55649.366617
55635.048389
55619.687080
55604.999781
55591.337204
55577.540874
55563.784599
55547.392607
55533.364296
55517.881870
55502.498865
55486.924171
55471.357107
55458.040476
55443.062305
55428.343058
55413.378239
55398.049355
55382.640362
55367.293119
55352.474928
55337.924480
55324.128389
55311.008930
55298.181772
55282.387018
55266.987801
55252.586365
55239.010096
55225.548506
55210.598469
55196.651936
55181.817055
55166.776657
55150.949478
55135.492325
55121.023417
55106.841087
55093.711615
55080.744267
55065.586805
55052.253246
55038.573742
55024.511576
55010.440111
54995.218992
54983.267069
54969.714642
54954.931974
54940.573692
54926.114321
54905.874491
54890.737772
54875.400543
54860.543728
54847.081661
54830.958843
54814.364672
54799.679518
54786.378860
54774.200439
54760.334015
54747.288465
54731.931925
54717.913151
54702.672005
54686.908722
54673.433542
54660.731554
54648.103476
54634.176016
54618.939161
54604.064703
54590.772629
54578.735828
54564.016819
54547.600031
54532.818079
54519.336700
54504.797220
54490.943909
54475.947142
54462.239027
54447.677612
54434.712887
54419.475555
54403.752565
54383.618116
54368.535757
54352.389574
54337.908983
54323.109627
54307.365894
54293.623924
54278.176069
54262.419701
54246.060848
54230.739594
54217.446089
54204.145432
15.538454
11.938095
12.077808
12.580633
11.797428
7.317305
5.762815
11.898994
5.604982
11.414289
5.935431
11.510372
12.327433
7.918119
7.401228
6.443977
7.322788
6.540060
7.308483
5.041599
6.781816
5.251884
6.976366
5.203247
8.101702
5.613089
7.710218
5.300045
7.677078
6.801844
5.190134
6.340742
5.559206
6.121397
6.101847
7.462978
11.271238
5.395174
6.552935
7.130623
6.033897
6.828308
6.150484
6.733179
5.064964
7.964849
7.466555
7.376909
5.326509
7.594347
5.705118
8.074284
6.708622
6.749153
6.083488
6.264925
7.426739
6.756067
7.393360
6.770611
6.682873
5.322695
6.500483
6.105900
6.810188
6.082535
8.230925
5.303144
7.576704
6.252050
6.831408
5.920649
7.923603
5.921841
7.443428
6.362438
5.952835
7.483959
5.852222
6.533146
5.771637
6.857157
5.590439
7.469654
5.365849
6.248236
6.895542
6.964207
8.152246
5.661964
8.881092
5.720854
7.050753
5.251884
7.408619
6.011486
8.719206
5.731583
7.653713
8.339405
5.955696
12.486219
6.698370
12.236595
6.831408
6.217480
5.826235
10.387897
6.525517
6.427526
6.387472
6.389856
7.889748
6.583929
6.248951
6.398678
8.285284
5.773783
4.928350
7.402897
6.631851
7.537842
5.625725
6.761551
6.320477
7.007122
8.027554
5.859137
8.156776
6.769657
6.728172
5.847216
7.461786
5.621195
7.298231
6.446362
7.191181
7.333994
5.185843
8.420706
5.288124
7.428169
6.514311
5.878925
6.473064
7.385731
7.896423
5.544901
6.572247
6.104708
6.633997
5.714893
8.079052
5.260229
7.365704
5.793333
7.024288
5.051851
6.108046
5.754948
7.066250
7.092476
5.612135
7.451296
5.475521
6.877661
6.087065
6.801844
5.798578
7.550716
5.689144
7.000923
5.545139
6.477594
6.279945
7.323503
6.628752
6.670952
5.932570
5.823135
7.392645
7.232189
6.834030
6.203651
6.083727
6.622076
6.977081
7.022142
5.344391
6.084919
6.998777
5.184889
8.190155
4.765987
11.441469
5.794525
5.930424
7.089853
11.156797
10.110378
9.744644
10.797262
6.151199
6.752491
6.905794
6.669998
6.357908
9.606838
12.415648
5.205154
7.583380
5.866528
5.731583
5.505800
6.944180
5.620956
5.768538
22.037268
6.877422
7.271528
8.057117
5.962133
8.611441
6.480217
5.923986
5.936146
7.226229
5.127907
7.598639
6.001949
6.187677
6.387949
5.825520
5.717278
6.412983
6.092787
7.014751
7.435799
5.653620
7.699251
6.590128
7.728577
5.239487
7.221222
6.246328
5.215168
6.338358
6.885052
7.985830
5.210400
6.977558
5.123854
5.611181
7.266283
6.104469
5.879402
6.495476
8.275032
6.015062
6.164074
5.471706
6.828785
6.622791
6.120920
5.618811
8.419752
6.881237
6.422043
4.961967
7.261276
5.853415
7.220507
6.066561
6.936312
4.809141
8.058310
6.402016
5.835056
6.987572
6.771326
6.656408
5.270481
6.860018
6.322861
7.684946
7.274151
5.206108
5.990982
6.617069
5.740643
7.130146
6.542444
5.849600
7.450342
5.499840
7.877350
5.720615
6.344318
8.808136
6.134272
7.322788
5.335808
6.834984
7.310390
5.590200
7.088184
6.308079
6.162643
6.023645
9.401321
7.946014
9.328842
10.179281
8.877754
7.645369
7.519484
8.856058
8.144379
8.856773
5.755186
5.999565
5.588055
7.136106
5.579948
5.739927
4.999399
7.825851
10.426521
6.566286
7.563114
6.573439
8.285522
5.463123
7.417202
6.461382
7.253408
6.613255
5.722761
6.615400
6.578445
5.720854
5.739689
7.092237
5.644560
5.804300
6.664753
6.783009
5.659580
6.711483
6.270647
6.640434
5.714655
6.896257
5.764484
6.151199
5.573511
6.396770
5.835056
6.306887
5.208015
7.659912
6.594896
7.001638
6.628513
6.336689
4.871845
6.071329
6.323338
6.016254
5.572557
6.122112
6.082535
6.875038
5.249500
7.323503
6.133318
7.648468
6.642103
6.162405
7.690430
5.915165
7.326603
5.959749
7.005930
5.762339
7.561684
6.282568
7.011890
6.917000
6.046534
7.116318
5.463600
8.299828
6.673098
7.599592
5.988359
6.828547
6.387472
7.055759
5.975485
6.143808
5.815983
7.596493
5.760670
6.110668
5.769730
6.929874
5.138636
6.182671
6.488562
6.976366
6.663322
7.187605
5.174875
6.862164
7.088423
7.034302
8.993626
6.797791
7.687807
7.571697
5.738020
6.164551
6.474972
6.858349
6.288767
7.088184
5.661011
7.785320
6.522655
6.305695
6.298780
6.685495
5.636454
6.615877
6.392241
7.292509
6.837130
7.115364
5.886555
8.692265
7.358789
14.794827
4.976034
5.427122
6.986856
6.925583
4.925013
6.924391
5.171776
6.953001
4.940510
7.076025
4.835606
6.062031
6.158829
7.009983
6.093502
5.774021
5.978584
6.858826
5.531073
6.722689
6.452322
7.182360
8.163929
5.404711
6.100416
5.783081
8.732319
5.283833
6.623745
5.518198
7.453680
4.885674
6.724358
7.033348
5.652666
8.779287
5.758524
7.542610
5.567074
6.448984
6.250381
6.422997
6.223202
6.554604
5.908728
7.422209
6.273746
7.139444
6.121635
6.577492
6.566048
6.796837
5.604506
6.991863
5.198956
6.191492
5.386829
6.816864
6.058931
6.928205
5.190611
8.232117
5.786657
5.724669
7.721424
5.016088
8.471012
5.957603
7.883787
4.808187
7.129431
5.050898
6.737471
5.833864
7.142782
5.235195
7.090330
5.048037
6.794691
4.991293
7.098436
5.867243
7.707119
7.155418
5.085707
7.367849
6.007195
7.608175
5.140305
7.722139
5.831003
7.318258
5.827427
8.182526
5.762577
6.926775
5.877495
9.171247
6.849766
6.366730
6.158829
8.035898
5.949020
6.135702
6.502867
5.901814
6.552219
5.234718
6.748915
6.285191
7.074833
5.976439
7.277966
5.058765
6.646395
6.261349
6.180286
6.223917
6.884575
5.579948
7.049322
6.615400
6.091356
5.512953
6.360292
5.960464
7.071495
6.534100
6.874323
6.129503
6.297112
6.117582
6.095648
5.290747
7.502079
6.506443
5.767345
7.320404
6.266594
5.912304
6.898880
9.006739
5.659580
7.296562
5.542994
6.875753
5.747318
7.647514
5.392790
7.704735
5.949736
6.564379
6.061077
7.105589
6.574869
7.506609
6.949902
6.500244
7.982254
6.236076
7.001162
5.988121
7.420301
6.163597
6.459236
6.384850
7.339716
6.281614
5.590677
5.362749
6.615639
5.574942
6.412268
4.714012
6.582737
6.788015
6.851673
6.066561
6.977797
6.434917
6.162643
7.186413
5.596876
6.434679
5.458355
6.456852
5.887508
6.276846
6.556034
5.986214
6.052017
5.800247
6.680012
5.711794
6.511450
5.584240
5.796909
6.244898
8.337259
6.002426
6.063938
6.671667
5.363703
5.749226
6.591082
6.840467
6.832600
7.598639
5.100250
8.140802
5.695105
6.636143
5.517483
6.903887
5.134583
7.057905
5.062580
6.820440
5.071163
6.531954
5.741358
6.956339
5.875349
7.164240
4.996538
7.208347
6.077290
6.000280
5.955219
6.066084
6.500721
15.802860
6.088495
7.854700
4.915714
6.215811
6.134510
7.215738
6.003857
6.409645
6.224871
6.875515
6.100416
6.609201
5.614996
7.363796
5.573750
7.100582
5.170345
6.658077
5.538464
7.347345
5.779505
6.833553
5.117655
7.988214
6.823540
6.587029
5.115271
8.299589
6.338596
6.619930
5.054235
7.643938
5.078316
7.681131
6.131411
5.444288
6.273270
5.098820
6.217003
6.741524
6.460428
6.637335
6.894827
5.882263
6.222963
5.310297
6.549597
5.959749
8.926153
5.714893
8.267403
6.383657
7.072687
5.756140
6.241798
4.704952
7.620573
7.653475
6.587267
6.578445
6.285429
6.714106
6.098032
7.106543
5.406618
6.630421
5.783558
6.375551
5.652666
8.685112
5.868196
7.626534
5.951405
7.046938
5.007267
7.799149
4.887342
7.319450
5.480051
7.085800
5.521536
8.112907
6.436825
6.615162
6.782055
6.400824
6.552935
6.924152
7.014751
5.832672
9.311676
6.784201
7.335663
6.668329
5.538225
7.750988
5.865574
8.659363
5.320311
7.135630
6.156445
7.171631
6.724834
6.710291
5.930424
7.332563
5.595684
8.072615
7.190704
5.162954
7.309437
5.242109
7.854939
5.115747
12.033463
5.425930
8.198023
6.535769
7.313013
5.568027
5.714417
5.956650
5.815268
7.268190
6.625414
7.272482
6.171942
7.048845
5.319834
7.148266
6.068945
7.927656
6.113052
104.941607
7.253885
7.983208
6.337166
5.115032
6.491423
5.755663
5.602598
7.459164
7.423401
6.092787
5.550146
6.990910
7.537842
6.498575
6.629705
5.661011
7.609129
5.834341
7.968664
5.223989
6.994724
4.909515
8.495569
5.728960
6.996393
4.890203
7.073164
4.788637
11.906385
6.987095
5.199909
6.282806
12.317896
4.936695
7.973433
6.712437
7.341623
5.773783
12.463093
7.360697
5.671501
6.828070
5.622149
6.502628
5.292654
7.110834
5.227327
6.307602
5.976915
12.195349
5.608797
7.987499
5.321264
6.958723
5.069733
6.263494
5.866289
6.557465
11.644125
5.177021
9.423733
7.865667
5.750895
7.542610
11.258841
7.809401
6.471634
5.668402
6.513357
4.986763
7.119417
5.688190
6.577015
17.379761
7.686853
6.552696
8.272171
6.309986
7.502556
6.897211
8.038521
6.780148
6.590605
8.117199
5.071878
8.280277
6.571531
6.086111
5.304813
6.892681
7.107258
6.078959
8.161783
6.332397
7.769346
5.310774
8.002281
5.661964
7.174969
6.995201
6.204605
7.239580
6.081581
7.278919
8.463621
7.233143
7.273674
6.752491
7.111549
5.556345
7.603645
6.812334
7.184267
8.443594
6.843805
8.517027
5.485773
7.152796
5.409479
7.117510
6.535530
6.449699
5.904913
5.624294
5.556107
7.161856
6.898880
6.715775
7.893562
5.788803
7.694483
6.121874
7.417440
5.311728
6.711006
5.439520
7.056713
5.582333
7.611752
6.613970
6.165504
6.656885
5.981922
6.574631
5.848169
6.712198
4.971266
6.851673
5.110264
7.251978
5.660295
6.761551
11.901855
8.024454
5.667448
6.990433
5.872250
6.616116
5.223513
8.386612
6.342411
7.588625
5.983114
7.213116
6.259203
6.167173
6.468296
7.220745
6.935835
6.174803
7.623672
5.678892
8.552313
5.933762
6.596565
5.055904
6.911039
6.202936
7.294178
6.224394
6.983280
5.675793
6.195784
6.091833
8.315325
10.532141
6.196022
7.090807
5.613327
8.195400
7.632971
6.243944
6.042719
8.119822
6.780863
7.515669
7.129431
6.926060
7.543802
7.604837
6.254911
5.665541
5.958557
8.877277
6.886959
6.906748
6.162405
7.014275
4.858971
8.202314
4.981041
8.536577
5.627394
7.493973
6.684780
6.634951
6.580353
6.353140
6.881237
6.241083
6.548643
6.820440
7.226944
5.665064
5.964756
7.014513
6.157637
6.560326
8.060694
6.016731
7.217169
6.124258
7.255793
6.391287
6.750822
6.860971
5.168676
6.679773
5.480051
8.148670
5.311012
6.351948
5.237818
7.532835
7.100344
6.453514
6.203175
5.509615
6.069422
6.263018
7.494688
5.245447
6.249428
5.623579
5.956411
6.721497
7.798433
5.873203
5.756378
7.780552
7.702589
6.505489
8.415699
5.384445
7.641315
5.700827
6.343126
7.666349
5.413532
6.426096
5.621672
5.811214
6.195307
6.391048
5.516529
6.645203
6.674051
6.091833
5.896330
5.763531
7.631540
7.726192
6.690741
5.941868
5.583286
5.997658
6.129742
6.057978
5.639791
8.640051
6.115675
7.350922
6.047964
9.187937
5.357027
6.151438
5.293369
7.129669
5.866528
8.565664
6.009102
6.401062
6.261349
7.508755
5.194426
7.632256
5.362511
6.799221
4.988909
7.088184
10.512829
5.621672
12.853622
5.298376
5.755901
7.010221
6.756306
5.284786
7.130623
6.279707
7.655621
5.516052
6.226063
4.984140
8.037090
5.752325
7.458687
5.866766
6.502390
6.282568
5.932093
11.249065
5.977154
11.530876
6.724119
5.186796
6.768465
5.555630
7.339716
6.450653
7.336378
4.782438
5.700111
10.690928
6.220818
8.236408
5.438566
8.880615
5.929708
7.230282
4.709005
7.593632
7.170677
7.316828
5.840778
7.133245
6.052971
6.142139
4.845858
6.473064
5.244493
6.464958
5.117416
8.278608
6.092548
6.321430
6.263256
6.491661
6.549835
6.145477
5.889654
5.479813
6.768465
4.881620
8.400202
6.629944
7.992029
5.927563
7.019997
6.791830
5.558491
6.041765
7.135391
5.240679
6.162882
8.277893
5.722046
5.570173
5.301952
7.220984
6.246090
7.792234
5.445480
8.484602
5.522013
6.186485
5.909443
5.977631
5.416393
7.756710
5.902767
7.129192
5.285025
7.381201
6.088018
6.742477
5.072832
7.961273
5.439520
6.638050
5.333662
6.792307
5.447388
7.232666
15.333891
5.801201
5.777836
6.553650
5.195856
6.587505
6.750345
6.575108
6.555319
7.484674
5.869627
7.489443
6.592035
6.763935
4.961252
7.105827
5.120754
7.025480
5.910873
6.432295
5.844831
6.764174
6.433487
6.773949
7.354259
6.274700
5.836964
6.439447
5.381346
6.367922
5.827188
7.632256
6.463528
6.458521
7.102013
4.855871
7.239103
5.895853
8.394003
5.681276
5.931616
5.031586
7.925749
4.764557
6.796837
6.209135
7.308006
7.242441
7.121325
8.048058
6.990910
7.230997
5.952597
5.716085
6.681681
6.026983
7.769823
6.148338
6.582737
5.802870
7.468939
6.288528
6.620884
5.709410
6.169081
7.335186
7.192373
6.646633
6.019354
6.099939
7.677794
5.970716
6.160975
5.998373
7.692575
5.188942
6.922960
5.393267
8.102417
7.354736
7.118225
6.202698
8.759499
8.778811
8.662224
7.676363
9.694099
7.325649
9.469509
8.900642
8.413553
5.568266
6.511927
6.357670
7.266760
4.724264
6.482363
5.438089
5.468845
4.941702
6.973505
5.212307
6.447792
5.982876
6.774187
5.462885
5.672932
6.295919
6.675243
7.533550
7.380962
5.400181
17.140627
6.633997
8.001566
6.272793
6.399870
8.161783
5.539417
8.315086
7.060528
7.588148
5.861998
6.030560
6.176472
6.816626
5.857229
6.492853
5.003452
7.358313
5.217075
6.992102
5.635738
7.209301
5.756617
6.242990
7.085323
6.498337
5.350590
7.096291
5.988836
5.980968
4.998684
7.658720
7.374048
5.927086
6.191730
4.890442
8.261919
7.220507
8.093834
6.076813
5.468130
6.420135
6.524086
5.063057
7.647753
7.428169
5.524874
7.512331
6.718636
6.991148
6.034851
7.178545
5.471230
6.721020
5.832195
6.169558
5.107641
6.788731
7.013083
5.374908
7.936954
5.805016
6.269932
6.029844
7.568121
6.332397
7.300854
5.172014
7.547379
5.026817
7.617712
5.233049
6.937981
7.362366
6.672382
7.060766
6.889582
7.413626
5.214691
8.463383
6.657124
6.282806
7.595539
6.949425
8.061171
6.855965
6.643057
5.962133
6.894827
5.892277
6.570101
5.526304
7.815838
5.111933
6.398678
6.577730
6.564140
6.226301
6.738186
6.437778
5.435944
8.237600
5.257607
7.710457
5.979776
7.596016
5.028963
6.841421
4.906893
7.328510
5.245686
6.946087
5.201340
8.049488
6.902695
6.203175
6.532431
6.466866
6.032467
7.049561
7.271528
6.549597
7.537365
5.519867
8.565426
5.009413
6.745815
6.793261
6.056070
6.464005
7.017612
6.204128
6.908417
5.795240
7.392883
5.998135
6.187439
8.550882
5.523205
6.861448
5.315065
7.207394
6.743670
7.512331
7.009983
7.371426
5.454063
6.579638
6.053686
6.933451
5.103588
8.290291
7.782698
6.745100
6.364346
5.066395
6.386518
7.176161
6.672621
6.700993
7.069588
5.793810
5.974770
6.682396
6.120443
6.344557
6.602764
6.429672
6.645203
6.263971
5.671024
6.940126
6.470919
6.940603
6.889820
6.297350
6.131172
6.655693
4.971981
6.432295
6.011009
6.367683
6.228447
5.419016
5.120516
5.879164
6.493807
6.387711
5.397558
7.469177
6.385088
6.227732
8.449793
6.562233
5.596876
6.450891
7.809877
6.999969
6.371260
5.131006
6.063938
7.113695
6.198406
6.598473
6.364107
4.989862
6.546259
7.055759
6.205320
7.522345
6.520033
6.088018
7.312775
6.016731
6.311178
6.196022
5.857706
5.505085
5.589247
7.029295
5.924225
5.373240
7.406712
6.862879
7.114887
7.587910
5.632162
7.270336
5.803108
19.583225
6.149292
7.836342
6.608725
7.516861
6.585121
5.677938
5.911827
6.385088
7.254124
6.871462
7.081032
5.497932
5.769491
8.252621
8.025408
6.581306
6.553888
5.608797
6.772995
5.503416
6.977797
6.006479
7.470846
6.937742
6.802559
8.174181
7.211685
5.482435
6.017208
5.796432
6.118536
6.332159
6.829500
5.435944
7.295370
5.969763
7.055283
5.277395
8.590221
5.465031
7.311106
5.319357
5.733252
7.955074
6.197214
6.003857
7.780790
5.281925
6.380796
5.906343
5.957603
5.223989
7.581472
5.145073
7.265806
5.545139
7.323265
7.265568
6.704330
7.512331
4.772425
7.757187
5.726814
5.923986
6.118298
6.359816
5.340099
6.024361
5.515337
7.605076
5.316019
7.281065
6.699085
7.033348
4.848957
7.172585
5.780458
7.676363
5.280733
7.922649
5.355120
6.182432
5.452394
7.236481
5.323887
6.742477
6.318808
7.950306
6.201744
6.028414
6.991386
6.406069
8.435249
5.576372
8.493900
5.955935
5.993843
6.503582
7.781506
5.859137
5.949974
5.756617
7.336855
8.651733
7.186413
6.203651
5.941153
6.158829
6.016254
7.928610
7.968664
6.259203
16.253948
6.090403
7.661343
5.446672
7.701635
5.666494
6.334305
5.993605
7.567167
6.465673
5.805254
5.457163
6.530046
8.448362
5.358696
7.101059
5.197287
7.240295
6.614447
6.533861
4.759789
7.803440
7.557631
5.811930
7.670164
5.614996
7.597208
5.171537
5.510807
4.946709
6.869793
7.206678
8.466244
5.902052
6.473541
6.008387
6.756783
6.884575
6.363869
4.701376
5.729675
6.191015
7.318735
5.258322
6.334066
5.177975
6.665468
5.884409
6.433010
5.914211
6.601572
5.686283
7.219553
5.410671
6.924629
6.387234
5.831003
5.467892
6.452084
5.951643
7.532120
7.419109
5.353689
6.951809
4.987955
6.265402
5.932331
6.582737
5.726576
7.274628
5.419016
8.841753
6.070137
7.055521
5.679131
6.843328
6.428719
7.446289
7.490635
5.553961
8.544207
5.341530
6.793022
5.886316
6.656408
5.941868
6.699800
5.950451
6.134272
5.491734
6.361723
5.445480
6.111383
5.838633
7.580757
4.850388
5.376816
7.191181
6.912231
5.918980
8.169889
5.078077
7.347584
5.960941
7.236958
6.036520
6.511927
6.906986
7.413626
5.891800
6.865740
6.073713
6.622076
5.946875
6.978035
5.685806
7.387877
17.355442
5.743504
6.525278
5.967140
6.656647
6.417274
5.804539
7.025957
5.971670
7.491350
5.620718
6.658554
6.076574
6.525040
8.078814
8.893728
8.813620
9.383202
8.760929
6.805182
9.045124
9.226561
7.286787
7.566690
5.100489
5.295277
6.384611
6.255388
5.721331
6.527662
6.375074
7.994175
6.550550
6.948233
5.798578
7.293224
5.168200
6.610632
6.568670
7.775545
7.412434
6.360054
7.736683
6.075859
6.774902
6.457567
7.068634
5.926132
7.720470
6.237745
6.272316
5.790710
6.140471
5.297422
7.034779
6.581545
7.285595
7.345915
5.856514
5.866289
5.540133
6.526470
7.708311
8.551598
5.093098
7.895470
5.450964
7.118702
5.029678
7.022142
5.555153
6.186247
5.121946
7.039547
4.908562
7.115602
5.401611
6.662369
5.425692
8.766174
6.037474
5.839586
8.136988
5.450249
7.187366
5.991936
7.668018
5.962372
6.725073
6.082535
6.316185
5.717754
6.376982
5.297899
7.603645
7.301092
6.019115
5.730152
5.075216
7.524729
5.521297
7.634163
5.172253
7.031202
6.062508
8.593082
5.423546
7.718801
7.290840
7.591486
6.191969
7.023096
13.872623
8.794069
8.728981
6.260872
6.831169
6.230354
7.590055
5.938768
7.515430
12.917995
5.645275
8.374453
4.607916
7.374763
4.707813
12.487650
11.250973
6.346941
12.259960
12.434006
5.905628
7.509232
5.739927
8.524179
6.830692
7.902622
5.493641
7.412672
6.470442
7.162094
6.045818
6.875753
5.394459
6.942511
5.868912
6.783485
5.144119
7.407188
5.258322
7.069826
5.470753
7.197142
5.056858
6.953955
5.216360
7.178307
6.317616
6.870270
7.947206
6.551266
8.489609
5.740404
6.361485
6.651163
6.610870
5.621195
7.399797
6.772757
7.886887
7.919073
6.662846
8.121252
5.158901
8.444071
6.370544
7.258892
6.671906
6.909132
7.564068
5.102158
7.072449
5.146265
7.234097
5.153179
7.935524
5.241394
7.180691
7.014275
7.770777
5.767584
6.980419
7.812500
6.015062
7.240295
5.209923
9.021044
5.382061
6.909370
6.957531
5.677223
8.375645
5.981922
7.554531
5.119562
8.556843
5.496979
12.647629
7.294416
10.905981
9.518623
7.381439
10.940790
5.784035
8.589983
10.239363
8.036375
6.370306
14.622450
12.868166
6.080866
6.137848
5.964279
7.337093
7.891655
5.443096
6.239891
6.192923
10.805845
7.323980
5.745888
6.481647
6.072283
7.620096
5.698204
6.314993
6.350040
8.329391
7.709980
5.262852
5.016088
6.452322
6.344557
5.796909
5.940199
5.802870
5.450964
6.538868
6.323099
7.886171
4.526854
7.003546
5.540371
8.589745
6.076097
6.753683
7.153988
6.041288
8.805275
6.662369
6.564140
5.959511
6.554842
4.686356
6.547689
6.023645
6.453753
6.543875
5.795717
7.789612
5.194187
6.582499
7.218599
7.824183
5.479336
7.009029
6.435156
7.421732
4.964590
7.374048
6.852627
6.716251
6.245613
6.024122
6.821632
6.146193
7.621288
5.805492
7.262945
8.579493
8.548737
10.414124
9.974241
7.020950
10.249376
9.124517
5.987167
7.265806
6.116629
6.618023
4.826784
7.844210
5.420923
5.799532
6.285906
6.012201
6.091595
7.013083
6.022930
7.622480
6.206512
6.274462
7.951975
6.009102
6.365538
5.210400
6.864548
6.702662
7.741928
6.077528
6.033897
7.649183
5.570173
7.102728
6.418467
6.796837
6.110668
7.388592
8.363724
8.311510
6.802559
6.566525
6.991863
5.602837
6.846428
6.547213
7.889032
6.664991
7.467031
5.758762
7.200003
5.073786
7.582903
5.274057
7.198572
5.805254
7.411718
5.268574
6.393194
6.036758
7.477045
5.715609
7.894516
5.004168
6.979227
4.875898
7.201672
5.480289
7.603168
4.493475
6.732464
4.837513
6.848335
5.630732
6.492615
5.458593
7.500172
5.543947
6.583929
5.055666
7.837057
5.594492
7.209778
5.725145
6.913662
5.070925
8.246899
11.266470
5.774021
6.428003
6.981134
7.598639
5.266905
7.166147
6.185770
7.130861
6.069183
5.455732
5.247355
6.796122
4.702568
6.920099
6.370783
6.971359
5.795240
7.137537
7.001877
5.466223
5.384684
6.500483
8.745432
6.522417
5.918264
7.390976
6.592274
7.051706
5.857468
6.452560
6.007910
6.508350
5.481482
7.204294
6.478548
6.832123
5.210161
6.431103
6.310225
7.073879
6.919861
6.382704
6.353617
6.768703
6.237507
6.885529
6.879330
6.356239
7.101774
5.975485
5.415916
5.620956
6.637096
6.150961
6.828070
5.279064
7.910252
6.040096
7.562637
6.734610
8.062363
6.237745
5.332708
6.166220
6.444931
6.281614
6.182671
7.201433
5.714893
7.444859
5.608559
6.791592
5.078554
6.642580
6.000757
6.656170
4.852295
7.178068
5.860090
7.043600
6.233931
7.633209
5.712748
7.212162
6.241083
7.109880
6.161451
7.215738
4.832745
8.005381
7.480145
6.677389
6.538868
5.456448
6.695032
6.583452
8.013487
5.323172
6.495237
6.394386
6.576061
5.874872
7.050276
7.804155
6.356001
8.200645
6.165743
7.825136
6.022215
6.877899
5.758047
6.253004
5.658865
5.951166
5.067110
6.744862
6.258011
6.916523
6.499290
6.552935
5.553007
6.678820
8.054256
5.798101
6.254435
5.618572
5.564928
7.377386
6.415606
6.815910
6.536245
5.151749
7.767200
6.813049
6.536722
5.704403
7.125616
6.382227
6.643295
5.814314
5.648375
5.893946
6.947756
7.278681
5.745173
7.460117
5.936146
7.865191
5.544186
7.948637
6.282806
6.788731
5.784750
8.190632
5.930662
5.446911
7.099867
6.475449
6.178617
6.050825
6.333590
5.682230
11.389017
5.778790
6.901741
12.456894
5.805492
5.821228
13.139725
6.179094
11.601686
7.586002
12.835264
6.463766
11.707783
24.402380
5.210161
12.101889
6.784439
5.978584
7.743597
7.114410
6.401062
7.461071
10.521650
6.655216
6.620646
11.477232
7.289410
8.259058
5.327463
6.262779
7.096767
7.277012
6.383896
6.929159
13.054132
11.522055
7.727146
7.538319
7.866621
6.310940
6.901264
7.229567
7.207155
5.792379
7.607460
5.388975
7.263660
5.729198
8.566618
6.136179
6.957769
5.072355
6.741524
5.811453
5.678654
7.897615
5.255938
7.519960
5.140781
7.959127
5.762815
7.701635
5.308628
8.290052
6.325483
6.528616
6.773710
6.623745
7.249594
6.521225
8.104801
6.291628
7.258415
6.381273
5.807400
7.748365
5.096674
7.649660
5.649805
7.224321
5.793333
7.704973
5.678415
7.593155
14.236689
6.291866
7.100105
5.883694
6.086588
6.443262
6.541967
5.529165
7.274628
6.711245
6.059170
5.897760
6.455183
5.719662
7.391930
5.271435
6.473541
7.550716
6.544113
13.184309
5.711555
6.340265
5.635738
6.752968
6.955862
6.658316
5.553961
7.993937
5.850315
7.392645
6.815434
5.268097
6.517410
6.465197
6.624699
6.466627
6.591082
12.121916
12.022734
6.832361
6.276846
6.646395
7.116795
7.003784
6.078720
12.236834
11.884689
12.003660
6.567717
11.106253
7.291794
6.621599
7.291794
5.205870
5.912781
5.622387
7.642269
6.403208
5.825043
5.135298
6.630659
6.433249
5.567074
6.309509
7.033348
7.916689
5.954027
7.667780
6.153107
6.510735
5.190134
8.175611
7.618666
5.857706
5.156517
7.562160
6.149769
5.320311
8.074760
5.583763
7.797480
6.048918
6.970882
5.484104
7.217884
5.472183
8.207321
7.719040
6.543398
6.503344
5.513430
6.883144
6.848574
7.126808
6.546497
6.258965
5.549431
6.079674
7.069111
6.355524
6.409645
8.034945
7.267714
7.522821
8.200884
6.004572
6.894588
5.089045
7.039309
5.291224
5.899429
4.917383
7.138968
6.432295
5.190611
5.284786
6.218195
8.593559
5.626440
7.878542
5.769968
7.682323
9.148121
8.345842
9.552956
9.168863
7.810354
7.787466
9.268761
8.398533
5.778790
5.252361
12.766838
5.626202
6.774426
7.104158
6.225109
6.444216
5.721331
8.277893
5.312920
8.092880
5.938530
6.802082
5.223989
6.403208
14.736891
7.193804
6.899118
12.297869
7.594109
6.244421
6.256342
5.707741
5.543470
6.736755
6.668091
6.785870
6.007195
6.748915
6.749153
7.370234
5.789995
6.745577
5.373955
6.613493
7.200003
6.271601
6.172419
5.630493
6.391764
6.263733
6.159782
6.556034
6.816864
6.310940
6.358862
5.541086
6.200314
5.297661
5.826712
5.076170
8.639574
6.198645
7.297516
6.263971
7.630348
5.813360
6.875515
5.152225
6.765127
4.896402
7.621050
5.542278
7.760763
5.145550
6.923199
6.017685
8.508205
6.732225
6.225348
8.498430
6.255627
6.728649
5.806446
6.894350
8.146763
7.611990
5.730152
6.656647
4.768610
7.768154
7.059336
6.660461
5.081892
6.268740
5.736589
5.922794
5.500555
6.157160
6.753445
5.494595
7.704496
7.685423
6.868124
6.001472
6.719112
5.244732
8.512259
4.870176
6.203651
4.933834
7.938147
6.248236
7.317543
7.527351
6.805658
6.795406
6.419420
6.901979
7.142305
5.511522
6.974220
6.040335
7.292509
5.656242
7.744551
5.040407
7.311583
5.244255
6.486416
6.746769
8.944988
6.031036
7.005930
6.547213
6.419182
6.357431
6.492853
17.296076
7.935762
6.194830
5.989313
7.421970
5.219936
7.599831
5.940914
8.881330
6.316662
6.493568
5.438566
8.390903
6.507874
6.204367
6.507397
6.381989
5.723238
6.742477
5.540848
6.466389
7.402420
6.511211
6.241322
6.326914
6.735802
5.739927
7.744789
6.092787
7.372379
5.221128
7.453918
6.453753
6.175518
6.418467
7.745504
5.050659
7.210493
6.598949
5.771399
4.848719
7.296801
5.507708
6.109476
5.891085
6.177902
5.731344
7.050753
4.793406
6.794214
5.701780
7.668734
5.416155
7.054090
8.116722
6.185055
5.790472
5.860090
6.782293
5.505800
7.627249
6.067038
8.238792
5.891562
5.994797
5.530834
6.515503
7.198334
6.577253
5.668640
7.905483
8.122683
5.868673
7.518291
6.196499
6.942987
5.768538
6.768227
5.757809
8.872986
5.861759
8.014202
6.234884
6.889343
6.095648
6.471634
6.258249
7.380724
6.041288
6.497860
6.719351
6.342173
6.206989
6.464005
6.096601
5.459547
6.923437
5.511761
6.515741
4.994631
6.919384
5.383968
6.129742
6.420374
6.582737
5.754471
6.325006
5.863428
11.968136
5.623579
6.928921
5.735159
5.993843
6.509304
7.106066
5.450249
8.653402
5.951405
8.354902
5.472898
5.645990
5.393505
6.697178
6.128073
6.086588
8.149862
6.701231
7.381439
6.318808
7.669687
5.989552
6.976128
5.442619
6.727695
5.591869
7.657766
5.558014
7.183790
6.144762
5.297899
8.372307
4.929304
7.822752
5.215883
6.505251
13.004065
7.193804
5.312681
7.182598
6.025553
7.299662
5.458832
8.202791
6.711960
6.383657
5.947828
6.032705
5.923986
7.084608
7.281065
5.917549
7.486343
7.297277
7.302523
6.247520
6.009579
5.081892
7.741213
6.164551
7.125139
5.315304
7.330656
5.857229
6.440163
6.113768
8.105278
6.594419
5.467892
7.700682
5.160332
7.686138
5.926371
7.227421
6.052256
6.806374
5.703449
8.795261
7.346869
7.016182
8.087635
7.023573
6.757736
5.450726
7.909298
7.234097
6.756306
6.836653
6.259918
5.793095
6.204844
8.696795
6.329060
6.928682
4.863262
6.492615
5.627632
7.093191
6.537914
7.632732
6.081104
5.431652
7.676601
5.736351
5.217552
6.466627
6.803751
5.621433
6.835699
4.410505
5.945921
7.179737
7.716894
5.078554
7.613897
7.029533
6.924152
5.881786
6.302118
5.636692
5.965948
5.965471
6.373405
7.473946
6.722212
6.137848
6.103992
5.529642
6.927729
6.379843
5.896091
5.136013
6.579399
6.267786
5.489111
7.430792
6.710291
6.640673
5.715370
6.320715
5.951881
6.706953
6.033897
6.866932
7.565498
7.406712
6.432533
6.540537
6.543875
6.685972
5.146265
6.621838
5.731344
6.548643
6.213903
6.607294
5.952597
6.560326
4.857540
7.907391
8.385897
5.513191
6.708384
5.610466
5.394697
5.834103
5.929470
5.725861
6.837368
6.746292
7.178307
6.022215
5.698681
6.536245
7.022381
5.852222
6.127596
5.866289
6.932735
5.541563
6.313801
5.569220
8.849859
5.066872
7.899284
5.387306
5.943298
7.383108
7.672071
6.561041
5.581379
7.670879
5.306482
6.913662
5.758524
6.178617
6.781101
6.787300
6.214380
6.579399
7.047892
5.859137
7.175446
5.744219
8.100748
6.400108
7.331371
6.037235
53.203583
6.230831
8.126974
6.397009
7.276535
6.674767
8.523703
5.712032
5.684853
6.989241
5.712509
6.335974
5.167007
6.249666
6.702900
7.313013
5.871773
6.937265
8.833408
7.951975
11.245966
17.909288
9.598732
9.252071
6.494045
5.793810
7.884026
7.602215
7.305861
7.765532
7.263660
8.674383
6.645679
6.839275
4.867315
7.250309
6.245375
6.335258
6.380320
9.183884
5.377054
8.022308
6.631374
5.745411
6.883621
6.160498
6.893873
5.166054
6.416082
6.277800
6.409168
5.297184
6.898642
6.317854
7.017374
5.843639
7.500648
5.868673
6.181717
7.023096
5.739689
5.924463
6.708860
6.719112
5.822897
6.852388
5.959272
8.281708
7.510900
7.467747
12.134314
8.458614
6.447315
7.784843
5.097389
6.642342
5.783796
7.719278
6.015539
7.215738
5.367756
11.523724
6.798983
5.954266
6.390810
5.721092
6.800652
7.001877
7.062435
7.941723
8.403540
6.919384
5.622387
6.866455
6.686211
6.763935
6.435871
6.578207
5.874872
6.107569
6.983757
8.234978
7.588387
6.095886
7.429600
6.086349
7.341385
6.145000
9.361506
7.205963
6.775379
6.659031
6.685495
7.936716
7.016897
7.335901
13.993025
8.011580
6.421328
6.026268
6.330490
5.932331
7.910728
5.298138
6.491184
7.400274
7.480860
5.974531
7.226229
6.064892
7.543087
16.834497
8.522272
7.461786
7.827044
6.675482
6.321907
7.517338
6.127357
7.662535
6.289721
7.930756
5.655527
7.432461
5.820036
6.168604
6.714106
6.757259
5.440712
5.920649
6.560802
7.111311
7.373333
4.875660
7.323980
6.623030
8.105993
5.409002
7.333279
5.121231
8.373499
6.462812
5.756617
6.070375
5.257845
7.616282
5.258322
6.824970
5.264521
7.537603
5.861521
6.850958
5.269051
8.162737
5.552769
8.769035
6.746054
5.837917
6.859779
5.894899
8.356810
6.078243
7.314444
5.911589
7.584572
5.846262
7.790804
6.068707
5.419254
7.817268
7.059813
7.812738
6.281376
6.721735
6.324053
6.690264
5.001545
6.249666
7.126570
7.068872
6.930113
5.741596
7.631779
5.603552
6.605387
5.341530
6.606102
5.396128
5.874395
6.174803
6.456852
7.545948
7.888794
6.511927
7.270336
5.162716
6.734848
5.167246
6.578684
5.907059
6.504297
4.835367
8.150578
5.589008
5.204678
6.105900
6.021976
5.406618
7.062674
5.114794
7.928848
5.682707
7.487059
7.358789
6.953955
7.129431
5.102158
7.826090
6.723642
6.564617
6.686211
5.799532
5.748034
5.854368
5.160332
6.297350
6.555080
6.374836
6.366253
5.598545
6.158590
5.750179
5.880356
6.123543
6.226301
6.295443
6.296158
5.990982
5.994081
5.999327
6.804466
6.279469
5.942583
7.179976
7.421494
5.473614
5.474806
5.393505
6.098747
5.571127
6.890535
5.433083
6.448269
6.245852
7.446289
5.972862
7.869720
5.222321
7.931948
6.253719
6.125927
7.727146
6.122828
5.496502
6.413698
6.469965
6.384850
6.483316
5.846977
6.928444
5.569220
6.838799
5.346775
7.033110
6.403685
6.444931
5.856276
7.133007
6.032705
7.184267
5.816698
7.239580
5.684376
6.389856
5.918026
6.608725
7.453918
5.694389
7.053852
6.370544
6.574154
6.719351
6.047964
5.001783
5.732536
6.358624
5.051851
6.035805
5.405426
8.199692
7.385492
5.005598
6.650209
5.641460
6.967783
4.874706
8.130789
6.300688
7.566690
6.466389
6.254911
7.499695
6.242275
8.008480
6.163120
7.441759
7.152319
5.420446
6.504536
6.843805
7.533789
5.669832
6.731987
5.856276
7.494688
5.249023
6.748199
5.646229
7.198811
5.874395
7.789135
7.137775
7.715702
7.367373
5.334139
5.270720
7.531404
7.258415
5.339384
5.611658
15.294552
8.183002
6.711006
6.689548
6.076097
7.073879
5.755186
7.870913
5.483627
6.816387
5.668402
7.238865
5.923510
6.750584
5.475998
5.681276
5.424500
6.825209
6.134510
8.055925
5.296469
6.618261
6.122589
6.837368
5.817652
7.342339
6.703138
6.504059
6.074429
8.018255
7.977009
5.569220
6.773472
5.934238
7.178068
5.931616
6.925344
5.436659
7.734299
6.300926
6.859779
5.626440
6.636620
6.468773
5.669832
6.848335
5.489349
8.750439
6.762028
6.938457
5.628109
6.942511
5.310774
6.972075
5.626678
7.126093
4.830122
7.042170
6.868124
5.401850
7.092476
6.503344
6.644249
5.594969
6.651640
5.776882
8.111477
5.124092
8.323431
5.260706
6.960869
5.908251
7.787943
6.194830
6.291151
6.066084
6.716013
5.329370
6.827354
2801.073551
2771.607637
2750.057697
2735.994339
2722.501516
2709.434986
2694.642544
2681.687832
2667.185783
2654.111624
2639.991522
2626.002789
2611.292124
2597.758055
2583.689690
2572.157383
2559.886694
2547.860622
2535.880804
2524.281502
2511.851072
2499.558687
2486.117125
2471.346378
2458.424091
2446.053267
2434.720516
2422.466993
2407.881021
2393.891573
8151.520014
8123.538017
8111.412525
8101.066828
8089.189053
8076.128960
8064.615250
8052.370071
8040.036678
8027.559042
8015.994310
8004.452705
7991.852045
7977.377176
7963.773251
7943.736076
7928.958893
7915.010214
7901.552916
7889.744043
7877.340794
7864.603043
7851.262331
7838.533878
7825.780869
7812.763214
7798.508644
7784.659863
7770.168066
7757.187128
7742.926121
7723.029852
7709.120035
7696.412325
7683.485270
7671.502352
7658.516407
7645.706892
7633.513451
7622.406006
7610.333443
7597.709179
7584.765911
7573.299408
7560.081244
7545.970678
7533.691406
7522.686005
7510.419130
7496.890306
7478.577137
7465.267420
7451.098680
7437.207699
7421.838284
7409.896374
7398.064137
7386.776924
7374.931097
7362.052679
7349.328995
7332.830191
7319.499493
7307.685375
7295.238256
7282.526493
7270.003080
7258.300066
7244.845867
7231.109619
7218.765974
7207.121611
7194.292784
7180.620432
7166.105270
7151.589870
7136.545658
7123.190403
7107.362032
7092.551708
7078.235626
7063.349962
7050.581217
7038.013220
7023.269653
7009.668112
6995.327473
6983.004570
6970.939875
6956.115246
6942.844152
6928.248644
6914.982796
6900.168419
6886.727095
6873.016357
6859.963179
6847.424507
6834.358215
6819.629908
6804.453135
6790.925741
6778.523445
6766.568422
6752.294064
6737.692356
6723.822355
6710.801363
6699.800014
6688.714266
6677.057028
6664.836168
6653.024912
6640.237570
6624.994516
6611.000299
6597.305536
6584.984064
6572.708845
6560.444832
6547.879696
6536.083698
6524.697065
6512.483835
6498.235941
6483.175755
6468.336105
6456.822395
6444.442034
6431.452990
6419.811010
6407.818794
6392.886400
6378.949881
6366.394520
6354.034901
6336.381674
6324.351549
6311.134100
6297.197819
6284.545422
6273.881674
6261.662960
6247.795820
6232.658148
6220.453262
6208.976984
6197.002172
6183.311462
6164.530754
6152.042389
6137.145758
6122.920275
6110.229731
6096.632004
6083.499193
6068.357468
6053.987741
6041.250944
6025.730371
6010.756016
5997.538567
5984.580278
5972.563028
5958.257675
5945.980072
5933.352947
5921.840906
5910.233498
5897.737741
5884.207726
5869.689941
5854.012728
5839.943647
5825.776577
5809.886694
5795.576096
5781.627417
5766.196728
5751.349449
5737.997532
5725.836992
5710.661173
5698.370218
5685.098171
5669.194698
5654.870033
5642.804861
5630.356550
5618.213654
5606.111526
5594.794512
5581.798315
5570.012093
5558.403015
5546.433449
5534.504175
5522.290707
5510.944843
5498.378992
5486.504078
5475.035191
5462.815285
5450.696468
5438.046932
5426.862478
5414.322853
5402.389765
5390.270710
5374.974966
5360.296249
5347.021818
5335.265160
5322.721958
5306.789637
5286.455393
5271.998405
5260.046721
5247.663260
5234.471560
5222.749710
5211.244583
5198.260069
5186.307907
5174.790144
5162.285566
5148.908138
5135.373592
5123.205662
5111.604214
5099.183559
5086.800098
5073.304892
5058.516979
5044.152021
5030.556679
5016.254425
5003.779888
4988.245010
4975.398064
4963.531256
4950.012445
4937.463284
4923.927546
4909.424543
4895.459652
4882.975101
4870.117903
4855.823517
4844.331026
4828.958988
4816.480637
4803.154707
4789.247274
4776.445627
4761.429548
4749.013662
4736.077070
4723.914623
4711.558819
4696.332693
4683.296442
4669.680834
4654.999256
4640.455723
4625.930071
4613.382578
4600.770712
4587.727547
4572.690725
4559.628248
4548.677921
4536.903620
4525.619507
4513.431311
4501.212120
4488.260269
4476.805210
4464.939117
4451.830864
4436.499596
4424.504995
4413.145542
4399.249554
4384.418488
4371.716261
4356.508255
4341.233969
4329.943180
4316.783428
4301.164150
4285.434246
4270.736217
4256.972313
4245.769262
4233.263969
4221.167803
4208.269358
4193.811417
4179.107428
4165.978432
4153.826475
4142.302752
4130.907774
4118.566036
4106.679440
4094.977140
4083.028078
4070.845127
4058.973789
4047.047853
4033.447266
4018.791437
4006.176710
3991.377354
3971.840382
3956.659079
3942.771435
3930.689096
3918.188095
3905.898571
3893.834591
3879.777431
3867.143631
3854.523420
3842.365265
3831.454992
3819.314957
3805.997610
3787.042379
3774.389267
3763.289452
3751.682281
3738.779783
3725.124359
3711.869240
3699.200630
3686.971426
3673.949957
3658.946514
3645.640373
3633.185863
3619.004965
3604.435921
3591.468573
3577.978611
3558.487177
3547.384024
3533.492327
3515.634775
3503.473520
3491.975069
3480.675697
3468.206644
3456.183195
3442.982435
3428.936005
3415.559053
3402.615309
3387.669086
3375.251532
3364.008665
3351.705074
3339.712858
3327.436447
3315.176010
3300.015926
3286.048174
3272.400379
3259.974241
3247.300863
3232.674122
3219.225168
3203.996897
3190.064669
3177.889824
3165.555716
3151.529551
3137.364388
3124.162197
3111.838579
3100.708723
3088.511944
3075.757265
3061.182976
3047.871590
3033.167601
3020.811558
3008.514166
2996.678114
2984.844685
2971.372128
2956.955433
2943.821669
2928.554058
2914.534807
2901.394367
2889.042377
2875.316381
2860.347033
2844.855547
2832.273006
2819.743633
2806.745291
2794.249773
2782.164097
2769.365311
2756.840706
2744.438410
2733.391285
2720.870495
2707.660675
2693.465948
2676.957369
2664.222240
2650.483847
2636.862993
2622.960806
2608.783722
2595.746756
2580.651999
2565.454960
2550.702810
2537.900209
2525.989532
2512.795448
2497.088671
2481.457710
2466.126204
2450.574636
2435.002327
2422.380447
2409.164190
2396.906137
2385.415554
2370.083570
2355.727196
2344.088078
2332.896471
2317.849636
23.914576
9.336710
11.344433
10.379076
7.503986
6.194830
7.531404
8.131981
6.515265
6.139994
7.320404
5.044460
7.082462
5.470276
5.645275
5.427837
7.296324
5.654335
5.966187
6.440639
5.488396
7.385492
5.698204
7.464886
5.325317
6.631374
5.925179
7.014751
6.365538
7.603168
5.904675
6.370544
6.751776
6.240606
7.725239
5.481005
6.084442
5.077600
7.595778
5.874157
7.399321
5.162239
6.320000
5.601645
5.981922
4.792213
6.415129
5.373240
5.632877
6.020784
6.007671
5.015373
5.119562
6.504297
4.180431
6.535769
5.314589
6.142139
6.013393
5.381823
8.233786
7.226944
6.152630
5.861759
5.015135
8.028269
6.555796
5.885124
4.578590
7.806540
6.158352
6.511211
5.205154
7.875204
6.088018
9.130716
6.512165
6.832600
6.263256
4.865170
7.449627
5.726814
6.806374
5.798578
6.854296
10.673046
9.575605
7.414341
10.904789
5.527496
9.648561
5.224943
8.326530
6.718397
6.797791
6.795645
10.440826
6.217003
10.096073
5.509853
11.090517
6.380558
10.201454
6.231070
11.521339
5.229473
10.275602
6.953239
6.732941
7.104874
4.947424
16.334772
7.655144
6.237268
11.599541
10.918379
6.044626
7.451534
5.951881
10.845661
7.212400
10.577440
6.078482
11.506796
5.069733
7.381201
5.501747
5.724669
5.604982
6.355286
6.437778
7.767439
5.563736
6.886005
5.381584
9.072304
5.819082
9.403467
7.354021
4.944324
8.231878
4.949570
6.923676
4.953623
5.718470
4.574776
11.578560
5.818844
6.711960
5.673647
5.701542
5.127192
11.015415
6.687641
6.313086
6.552935
5.353212
5.541086
5.377293
5.292654
5.894661
7.074118
5.655050
6.068707
6.642818
6.304264
6.394386
5.830050
10.108471
6.686449
10.157824
5.514860
10.483742
6.870508
5.582094
6.482601
5.324364
4.469633
7.694960
11.210680
5.724430
10.834932
6.049395
5.470991
4.436731
7.540703
5.828857
5.602360
5.504847
9.126425
7.815838
6.686926
6.723404
5.056381
6.637335
4.819393
6.407738
5.295277
11.531115
5.637407
10.828257
7.190466
8.084536
6.850243
7.979393
10.545015
6.413698
11.544228
5.462170
11.029959
7.107735
12.269735
5.928278
9.938002
5.023003
7.550955
6.305695
6.694078
5.294561
16.623497
5.987167
12.303352
6.073952
11.350632
7.398605
6.552458
6.077766
5.549669
11.284590
7.790089
7.310390
6.404877
5.513430
6.788015
5.133390
7.128000
7.097960
7.731676
5.812883
6.818056
5.725145
7.062912
12.308121
12.279987
6.408215
12.413979
6.129265
11.471510
6.980658
7.877350
5.927563
5.822659
6.824255
8.574009
4.858971
7.198811
5.533934
8.362055
5.486488
6.951809
4.750013
6.911039
5.101204
7.236958
4.925489
6.393433
6.690979
6.803751
6.750345
6.566048
5.137920
6.738186
6.222486
6.242037
5.251884
5.771637
5.398035
7.076502
5.522251
5.526304
6.217003
12.367487
5.803108
7.558107
5.435705
6.422997
5.454540
9.017467
7.332087
5.528450
11.031151
5.005836
9.673119
10.610819
6.411076
7.215977
4.989624
6.418467
5.188942
11.246920
5.833626
6.290913
7.766962
10.433197
9.637356
6.997108
6.834269
9.556293
7.142782
10.823250
5.883217
7.325411
4.977465
5.763054
5.729675
11.464834
5.540371
10.987043
7.042170
4.679680
7.410526
10.291338
9.604454
7.004976
23.128271
11.034489
11.521339
5.553722
9.677172
7.669687
5.797148
5.880356
4.816294
5.518913
5.610704
12.204170
6.363392
11.147261
6.696701
12.118578
5.158186
10.895014
4.906416
11.260509
6.878138
12.815237
6.394863
11.595011
7.241011
11.008739
12.814283
6.353140
12.211561
12.195587
12.804031
12.732029
12.865782
12.399197
11.472464
6.242275
6.544113
12.292624
6.359577
11.192083
6.651640
4.537106
7.228613
5.686283
6.053925
6.090403
5.780220
6.239176
5.490780
6.986141
6.071806
6.988049
5.803347
7.611752
5.120277
5.969286
5.050182
5.351543
5.479336
6.448984
6.412745
5.082369
7.085323
5.528450
6.457567
7.744551
6.635189
6.437540
7.620335
6.029129
6.398678
5.400181
6.048441
5.058765
7.210493
5.596399
5.890369
5.530119
5.945444
7.665157
5.524158
7.556438
6.887197
6.862640
6.480694
5.697250
5.964041
6.707191
5.621433
6.972790
5.821943
6.629705
5.139112
6.981611
10.961771
6.000519
9.833813
5.013704
8.132219
5.140305
6.254673
5.879879
6.703377
5.798340
8.254051
6.980419
7.872343
6.252766
15.973091
6.567001
7.037878
6.209373
6.468534
6.102562
6.465912
5.883217
6.372213
5.383968
7.660866
7.097006
6.756544
7.048607
7.566690
5.293608
6.412983
5.700827
6.470203
5.276442
6.283998
6.189108
5.666256
6.082535
5.666018
6.666660
11.083126
5.861282
11.467695
5.360365
10.430336
6.424665
8.191586
6.692886
7.283449
5.403280
7.997036
5.158424
8.932352
5.047560
5.503893
10.072708
8.060455
5.608082
6.421566
5.998611
6.080389
5.499363
6.817579
5.631924
5.130768
7.459402
5.319357
4.970074
6.835938
5.704641
6.252527
5.114079
6.783009
5.100965
6.548166
11.000633
6.337404
11.467934
5.651474
11.394739
6.825924
12.364626
12.444735
11.234999
5.511522
5.807638
5.743742
12.408018
5.367041
6.054401
6.193399
8.151770
7.670879
8.282185
14.707327
13.413429
6.375074
7.042408
7.595301
5.964041
5.623341
5.485296
6.170511
5.002260
6.498098
5.715609
6.385565
4.715681
7.168531
5.547762
5.404711
6.255388
5.815506
5.169153
5.603552
5.935669
7.170916
5.545616
5.126476
6.100893
5.301714
8.206367
6.072283
6.543398
5.176783
9.351254
6.831169
7.116318
5.367041
7.460833
5.153179
6.246805
6.923676
5.706072
6.224871
6.814718
4.933119
8.116484
5.611420
6.488800
5.526781
7.472038
4.693985
7.753372
5.312204
5.564928
5.354404
6.615162
4.948378
7.593155
5.133867
6.195784
6.224632
7.183552
6.049156
6.568193
6.320238
6.511450
6.000996
7.000208
4.472494
6.092072
5.660772
5.210638
5.899668
5.963087
6.026030
6.129742
6.781101
4.844427
7.618666
4.831314
7.249832
5.719900
5.353928
5.030632
6.439209
4.724026
6.104708
4.667759
6.766319
5.187035
4.738092
5.347013
10.014772
5.505562
10.035992
7.503033
10.090828
6.969213
11.046171
5.500078
9.846687
5.562067
6.322145
6.189108
5.423307
6.283998
5.684614
4.768372
10.690212
7.080078
5.194187
7.162094
5.066395
6.226540
5.491257
8.466482
4.558086
7.274151
6.001472
6.529808
6.145239
11.053801
8.395672
6.234884
7.031441
4.908562
6.774426
5.335569
5.542755
5.201817
5.562544
4.757166
5.290031
6.359577
4.645824
11.728764
6.352425
5.237103
7.864475
5.226851
6.812572
5.441427
6.250381
5.496502
5.628586
6.512403
5.659342
6.180763
6.777525
7.698298
5.532503
6.759405
23.488760
6.280422
5.654097
5.787134
4.297733
6.905556
5.043507
6.954908
6.295681
6.203175
6.070375
6.728888
4.825115
6.637096
5.216599
7.990599
10.898829
6.052256
6.672144
5.253792
5.904198
5.328894
12.891054
5.768061
11.795759
7.403851
10.994434
6.234169
11.185646
13.004065
5.766392
9.951353
7.316351
12.819290
6.070614
9.755135
12.878180
11.442900
10.214329
12.904644
11.715412
9.810209
9.784698
12.002707
7.613659
12.809992
12.366056
6.808043
10.134935
7.389545
11.062145
6.202221
12.594700
6.790400
5.233526
9.493113
12.230635
6.603003
7.212162
12.264013
5.016565
5.744934
5.403996
4.989147
6.644011
6.047010
5.365849
5.413294
5.705595
5.561352
6.665945
5.253077
7.017374
5.172729
7.519484
5.059719
7.819891
5.633831
7.741451
4.894257
6.406069
4.791498
5.434752
6.943703
5.763769
5.162239
5.323410
6.606579
5.889893
5.251884
7.627487
6.859779
6.240368
6.753206
7.026911
4.422903
6.046295
5.223036
6.878376
4.818916
7.869244
4.769325
13.467550
6.075382
5.161285
7.373810
4.859924
6.446838
6.043196
5.522728
4.769087
6.828070
4.879236
6.869555
5.466461
7.315159
5.142689
6.680250
5.170584
6.642818
5.111694
6.263971
6.758213
7.433176
5.744696
6.632090
5.187988
7.170916
5.613327
7.274866
6.180048
7.288933
5.144835
7.205725
5.081177
5.558968
6.593704
6.874561
5.314589
5.867004
7.075310
8.313179
5.671024
6.023645
6.196499
6.531954
4.474163
6.108522
5.271435
5.484104
5.481005
5.583525
5.537987
4.580736
8.194685
5.628586
7.215977
4.938841
6.224871
5.161285
6.604671
4.993677
6.963968
6.056786
6.580830
5.144358
7.889032
5.152702
6.734133
15.117645
5.923748
8.062601
5.152225
6.143808
5.055428
7.870674
5.114317
6.552219
4.453182
6.723642
5.157232
5.988836
5.480289
7.427692
5.246162
7.348299
5.307674
5.502701
6.102085
5.222559
6.640196
5.803108
6.688833
4.416704
6.561041
5.202293
6.344557
4.444838
5.685329
5.273581
6.092787
5.731583
7.354259
5.448580
6.409168
5.296707
5.236626
6.581068
5.883455
5.411148
5.487442
5.688667
6.118298
6.233931
5.614281
6.410837
4.395723
6.457090
4.723072
6.129026
5.212545
5.767822
5.312204
5.435467
5.334854
6.335020
6.194830
14.485121
5.403042
6.932259
6.560564
6.710529
6.517887
5.423069
6.659746
6.344080
7.049084
6.566763
7.869959
5.220175
7.562876
4.989624
7.136106
5.644083
6.204128
5.007744
6.368876
6.860256
6.805182
4.910946
6.468534
5.286217
7.338524
6.337881
6.503105
4.881620
8.168459
4.973412
7.845879
6.479979
6.908417
4.703045
7.599831
5.105495
7.683516
5.374193
8.156300
5.449295
5.848646
5.162954
7.980108
5.101919
6.281137
6.226063
7.326841
5.255699
8.123875
4.812479
6.006956
6.667137
5.994797
6.182194
8.062363
5.660295
6.912708
4.973888
8.105755
5.893946
6.709337
4.580975
5.228758
5.650282
6.158590
5.450010
4.933119
6.931543
5.671978
8.666992
5.549431
5.779982
12.105227
6.815910
7.541418
5.435705
10.155439
5.739212
9.439707
7.359266
7.416964
8.018494
9.940386
8.668184
9.454727
9.941339
8.456469
6.989479
8.238316
5.733013
5.747318
5.135298
6.101370
5.607128
7.141352
5.648375
7.032633
5.251646
6.411076
5.069256
5.507469
5.055904
5.523443
7.014275
5.959272
7.053137
6.463528
5.044699
6.482601
6.344080
7.072687
4.988670
5.204678
6.388187
5.398750
15.154600
7.982254
6.216764
6.099224
5.803823
13.370991
8.149862
5.076170
6.740570
4.406214
8.219957
5.635738
6.894588
4.745245
7.254839
5.213976
5.808353
5.288839
5.626678
5.412102
5.130768
6.320000
5.222321
6.687641
4.418135
6.761312
6.356001
6.399155
5.784273
6.222248
5.189657
10.226965
6.537676
6.678343
5.451918
7.515907
7.824183
6.367683
8.709192
5.386829
7.230282
5.941153
5.659103
5.068779
4.939318
6.451607
12.397766
5.669117
8.982658
5.148888
5.149364
6.425858
6.400108
5.217791
7.368326
5.041361
9.310961
5.726576
6.106615
6.553173
4.552603
6.003141
5.479097
5.768776
10.020494
7.530212
6.247282
7.389069
12.524605
7.811069
4.987240
7.388353
5.121708
6.605864
5.923033
6.957054
4.699945
7.265329
5.287409
8.069277
6.144524
8.285522
5.154371
6.882191
4.751444
6.603718
5.160093
5.511284
5.127192
5.251646
6.003141
5.511999
6.354570
5.028725
5.433321
6.817818
7.077694
5.851507
6.700039
5.330086
6.097317
5.443573
6.319523
5.182743
6.167173
5.165815
6.162643
5.016088
5.340815
5.509615
6.983042
5.383253
6.037712
4.993916
7.501125
6.415129
7.116318
5.184174
6.256104
5.111694
5.574942
6.314993
5.564213
18.080711
6.429434
7.776499
5.122900
6.105900
6.261587
7.465839
5.930185
8.168697
4.607201
6.849527
4.943132
7.211924
5.228996
6.276846
4.528522
5.367279
6.765127
6.411076
6.660461
6.307840
5.972147
6.028891
5.029440
11.557102
6.450891
8.177042
5.820036
6.675243
5.011559
6.772757
5.592823
7.331133
5.080223
6.759644
6.294966
7.097483
6.329536
6.586790
6.125212
6.797552
5.122423
6.801605
4.936457
7.638216
5.208969
6.053686
5.463600
5.585909
5.326748
6.152868
6.454468
5.712509
10.293484
10.363102
7.184029
5.109310
11.393309
5.575895
7.860422
5.523920
9.239912
7.911444
6.220818
6.750107
4.566193
7.826567
5.493164
7.645369
5.170107
6.494761
5.058289
6.720066
5.122185
5.220175
4.730225
7.342577
6.078243
6.969213
5.781412
7.211447
8.186579
6.504774
10.904312
4.689693
7.661104
5.005836
7.495403
4.952669
7.354021
6.235838
6.165266
8.921146
6.522894
10.670424
5.463123
9.413242
6.396532
6.096125
5.592823
5.044699
5.461693
5.481005
6.391525
6.181002
11.171818
6.483555
10.401249
7.639170
6.339073
11.267424
7.112741
10.928154
8.423567
11.170387
5.982876
10.255814
7.311583
11.197329
5.651951
11.321545
5.362749
5.244970
11.598110
5.682230
7.653475
4.937649
6.296396
10.625839
5.644321
4.677057
10.410070
11.665344
6.647348
5.188465
11.430264
8.980989
7.926941
7.614374
9.668589
9.036064
8.342743
10.438681
6.111145
10.793686
10.750771
9.715796
8.885384
8.661985
6.909847
9.404659
6.954670
10.210276
5.655527
10.885477
7.225037
4.800081
10.482550
4.894257
10.598183
8.026361
5.860806
6.942272
5.149603
7.208586
5.120993
6.167650
5.829096
6.062031
6.851912
5.120993
6.255865
5.630255
6.730556
4.946232
7.541180
5.783081
7.398129
4.973173
6.982565
5.155802
7.697582
5.663872
5.568027
6.206036
6.454945
6.204128
5.293608
6.845474
5.635500
7.539272
5.110264
6.941795
5.627632
7.210016
10.491848
6.462574
8.227587
5.333185
6.438017
5.352259
11.206150
5.478382
11.034489
7.147312
5.476713
11.129856
4.793406
10.201216
7.562160
9.326696
8.007526
7.604837
9.824038
6.130457
7.972717
20.654678
6.398439
10.272264
7.140160
4.895210
11.577368
6.254196
6.690979
6.068468
6.680727
6.912231
7.812738
6.686449
10.469437
6.694794
10.299206
9.917974
5.689383
11.112452
7.537365
5.117893
7.072926
6.188869
7.167101
6.334305
7.114172
5.218506
6.888151
6.350279
7.402182
5.058050
6.278276
4.991531
6.410599
6.786823
7.072926
5.104303
5.976439
5.301714
5.284309
6.190300
10.949373
5.601406
11.070490
5.636215
5.758762
7.168293
5.291939
5.155087
7.451773
5.285740
6.851912
5.992413
9.083509
7.697582
6.837130
6.395102
11.203051
5.446196
8.295774
5.044222
6.459713
8.808851
9.759665
7.279158
6.173611
6.316185
5.066872
7.800102
5.114794
7.046938
5.039692
6.166220
10.418415
6.664991
11.804581
5.881548
7.315874
11.745930
5.660772
7.700443
11.181831
4.936934
6.284237
6.626368
6.850719
10.709524
5.839109
7.955074
4.937172
6.099701
5.716085
7.354736
5.273819
10.758638
4.881620
7.619143
6.687403
6.915569
9.778023
4.865408
10.938168
5.558014
10.016441
7.773161
10.251522
13.848066
6.434917
11.518955
6.072521
10.659695
7.193089
5.914688
6.545305
9.445190
5.431414
6.657600
6.570578
5.888224
5.169153
5.501986
6.495714
5.657673
5.223989
7.063150
6.414890
5.881786
5.248547
5.886078
5.461454
4.492998
5.680561
7.241011
5.515575
11.270761
5.686522
11.524916
7.205486
5.235910
12.580872
5.755424
6.956339
11.623383
6.551981
10.338306
7.554054
6.725788
11.250734
7.270336
6.817579
11.253834
8.875370
7.700682
12.852907
9.468079
9.861946
9.624243
7.702351
10.011196
6.855249
6.397009
5.698919
6.430626
5.685329
6.563902
5.117416
5.961418
6.176710
7.097006
5.153179
7.315874
5.066156
5.317211
6.212473
5.980015
5.457878
6.728888
5.601168
5.232096
5.298138
4.376173
8.250713
5.176306
6.233215
6.147385
5.696058
6.007910
6.667376
6.551266
6.648302
5.793095
4.606009
5.636930
5.908012
5.037308
7.870197
5.316734
5.926847
5.044460
6.966114
5.344152
7.567883
6.637812
6.382704
5.803108
7.533789
5.135298
7.650375
4.976511
7.232189
6.059408
7.203341
6.653309
6.866693
5.265474
5.877018
4.944086
5.947828
16.819954
6.198645
7.868528
6.749153
6.650209
4.401922
7.574320
5.625963
6.564379
6.012440
6.627321
4.929543
6.728888
5.028009
5.121946
4.967928
6.204128
7.266283
7.087231
4.757166
6.345034
5.427837
5.914211
7.000446
5.279541
6.566525
6.798506
5.228043
5.762339
7.099152
6.151199
5.569220
5.507708
5.559206
5.772114
6.540060
4.912615
7.754087
4.968643
6.724119
4.868507
7.183790
6.175995
8.233070
6.050110
6.485939
4.949570
7.635593
5.525827
6.578207
5.599260
7.482052
5.765676
6.463528
5.841494
7.086039
5.234957
8.341312
4.890919
7.059097
5.745173
7.124424
5.490065
6.738663
6.156445
7.005930
12.205839
7.891893
6.338835
6.882191
4.741669
7.227659
6.588936
7.185698
6.008387
7.435083
5.436659
7.983923
5.044460
7.035017
5.135536
8.092403
5.621672
6.817579
5.095482
6.663561
5.051136
7.807493
5.166769
5.715132
4.573345
5.810738
6.351233
7.133961
5.716324
7.043123
5.237579
6.183624
5.271673
5.079269
5.942583
5.999327
5.519867
13.486147
7.054806
5.192518
6.474257
5.371332
6.400824
6.754875
6.798983
6.034374
6.631136
5.569696
7.029772
5.587101
6.498575
5.636215
7.773399
5.586863
6.442547
4.897356
17.284632
7.910252
7.033587
5.195379
5.672693
6.170988
7.785559
5.211592
7.458925
5.003929
7.143259
5.152702
8.162022
5.241394
6.901741
5.361319
7.258654
6.058216
8.031368
5.042553
7.346630
5.167246
7.237673
5.039215
6.099224
6.393194
6.567717
4.643679
6.021976
6.883383
7.939100
4.657030
6.525755
5.131006
5.570889
5.145788
5.733013
5.492210
5.441904
7.280350
5.658150
7.415533
5.155563
6.280899
6.054640
6.809950
5.280495
6.813288
6.748199
7.617712
6.034613
6.265402
5.563974
6.227493
6.436825
5.445004
5.825520
6.941080
7.411718
5.202293
7.601500
4.868746
6.884575
5.449295
6.323099
6.109953
6.467342
5.186319
6.784916
5.204201
6.653547
5.341053
12.106180
5.702972
7.200003
11.162281
5.161285
5.703449
5.469561
4.783154
6.811142
6.167173
6.898880
4.919767
7.137299
5.113602
7.906914
4.724741
8.017778
5.145788
6.245852
4.849672
5.548716
5.712032
4.968166
6.715059
5.243540
6.847858
6.067276
6.968260
4.873753
7.228613
5.152941
7.000923
4.931927
6.479263
6.047487
8.354664
5.232811
6.727695
6.460667
6.270170
6.873608
7.105112
6.348610
6.855249
6.705284
6.591082
5.133390
6.680012
4.899502
6.832361
5.252361
14.956951
7.267475
6.665945
6.259680
6.135941
6.228447
4.897833
6.908655
5.063295
8.568287
5.235672
6.493092
6.030321
6.900311
5.909681
7.127285
4.856348
7.733822
4.851103
8.069515
5.986214
5.622149
5.039454
6.925821
5.977392
6.850481
5.262613
7.265806
4.693270
5.489349
5.242109
4.417896
6.297588
4.674196
6.182909
5.104303
7.886648
6.366253
6.455660
5.225658
6.269932
5.120516
6.780386
5.693436
7.740259
5.073786
12.100458
6.741047
4.858971
7.624626
5.244493
6.376266
5.300522
6.895781
5.012751
7.565498
5.194426
6.782532
6.092072
6.321430
5.240679
12.290001
6.192446
7.042408
6.101131
7.912397
5.001068
7.285595
5.177975
8.211613
5.477905
6.122351
6.578922
6.109715
5.071402
7.948160
4.946947
4.956484
5.512714
6.019592
5.609512
5.804539
5.478144
6.046772
5.523682
4.745483
6.270647
4.763365
6.288528
4.761457
7.275581
4.906893
6.560087
6.060600
6.542206
5.788803
5.899906
5.361795
5.838633
4.859686
4.868984
7.688046
6.973982
5.555630
6.159067
6.079912
6.736040
5.798578
6.182909
7.988214
5.938053
7.263422
5.229712
7.351398
6.023645
7.725000
5.536318
6.611109
5.941868
8.394241
5.290031
6.607771
5.212545
11.408567
10.503292
10.425091
6.097794
6.730795
6.658316
4.951477
6.638050
5.141735
6.748676
5.029202
10.947704
10.351181
6.364822
6.891966
6.895065
8.455992
5.494833
6.093502
4.921198
7.743597
5.176544
6.200314
6.896973
6.831646
10.537863
5.845070
7.664919
5.636454
7.174492
5.198479
6.813765
6.600618
10.654449
6.714582
5.474091
6.274700
5.582333
5.975008
6.242752
5.066633
6.462097
6.258726
6.523371
4.999638
7.268906
6.022930
6.936550
4.676580
7.613897
6.710291
7.123470
5.220652
6.633043
5.161524
5.825043
6.794691
6.178141
5.523920
6.403685
5.010843
7.478714
5.200624
8.074284
4.590511
6.678343
4.937649
7.330418
4.895210
7.730484
4.971743
5.197525
4.875898
5.592108
6.373405
6.414413
5.412340
5.901337
5.742550
7.107019
5.598068
6.135225
5.897760
5.445957
6.909609
7.577658
4.920721
8.137703
8.106947
7.539034
7.325888
9.686470
11.203766
6.738663
8.409977
9.027004
7.215023
5.286932
5.202770
6.267786
5.275011
5.800247
5.451441
7.141829
5.159378
7.157803
5.187035
7.111549
5.282640
5.932808
5.189896
6.493807
6.201029
6.305933
5.188465
7.142782
4.112720
6.670237
17.373085
5.333185
7.835627
4.797697
7.282019
6.538391
7.015944
5.650282
5.811930
4.965305
6.881714
5.111217
6.893396
6.271362
8.165359
5.485296
7.489443
5.379677
6.590843
6.204844
5.408049
6.527901
5.537510
6.182909
6.710529
7.517576
5.653143
7.796049
6.079435
7.325649
5.414963
7.513523
4.118919
6.399870
4.090786
7.909298
5.807877
6.599188
5.018473
5.244255
6.769896
7.451296
5.273581
6.686449
5.184889
5.237341
6.602287
6.383181
5.121469
7.418633
4.207611
6.549835
5.134583
5.723715
5.627394
4.978180
5.508900
5.127192
8.313417
6.133080
7.080078
6.163836
4.811049
4.362106
7.266521
4.819632
5.995512
5.216122
6.651640
5.121708
6.980181
5.182266
7.027864
6.092072
7.305145
4.376888
6.528616
4.890680
7.132053
5.492210
6.829500
5.914211
7.252693
5.008221
6.837606
5.095720
5.692959
6.268263
5.838633
6.229162
7.091522
5.025625
7.036686
4.818678
8.073807
5.486250
5.725622
6.182909
6.578445
5.229712
7.880688
6.558418
6.943941
6.345987
6.707907
6.637096
7.268190
4.934549
7.360935
5.923510
6.484747
5.389690
7.461071
5.269527
6.375313
5.157471
6.503582
5.135298
5.514622
5.290031
5.158901
15.824318
7.628679
6.536245
4.675865
6.713152
5.097151
7.127285
5.112648
6.024122
6.241322
6.711721
4.894018
6.644726
4.968882
7.854700
5.231857
6.035328
5.025864
6.298065
5.471706
7.530212
5.116940
5.265236
7.385969
6.352901
6.197453
5.422115
5.654573
7.447720
4.887342
7.689953
5.634308
5.967855
6.253958
6.465912
4.996300
5.817413
5.250216
5.483389
6.280422
6.129503
6.079197
4.957676
6.487608
4.117012
7.137775
5.969763
6.863594
4.988432
5.174875
5.610228
6.004810
5.894184
5.263090
7.104635
6.355762
5.712748
5.529404
4.980326
5.707026
6.201744
5.300760
6.101131
5.361319
11.568069
4.569530
8.048058
6.611347
6.813765
5.073071
7.138252
5.000830
7.187843
6.773949
7.290125
4.943848
7.753372
6.466627
6.148577
5.288124
6.805182
6.885767
6.782055
5.336285
6.885052
5.021811
6.357193
5.686760
7.051229
4.975796
8.213758
5.979061
7.206678
6.629944
6.598234
6.538391
6.964684
4.847288
7.028341
4.978657
5595.968008
5575.911283
5562.316179
5548.421383
5536.611080
5523.143291
5507.870674
5493.971109
5480.482340
5466.585875
5452.311754
5439.558983
5427.130938
5413.420200
5401.981592
5388.815165
5376.051188
5360.142946
5340.445995
5328.883410
5317.992926
5305.068731
5293.506145
5281.802893
5270.221710
5256.533146
5240.982533
5228.460073
5215.709448
5201.415062
5188.975334
5175.727844
5160.906553
5148.076296
5133.582592
5120.758533
5108.184576
5095.615149
5080.295563
5064.407825
5051.952124
5038.995504
5026.042700
5013.998270
5002.247810
4989.416122
4977.066994
4964.901447
4952.622652
4937.192202
4923.230171
4909.156799
4897.440910
4885.765791
4872.967243
4860.228777
4845.662117
4831.715584
4817.498684
4805.412054
4793.358088
4779.650688
4765.713215
4753.716230
4740.673542
4727.529764
4712.440491
4698.128462
4684.619427
4671.881199
4652.823448
4638.854980
4625.767231
4613.551617
4601.955175
4588.951826
4575.535059
4561.753511
4549.112558
4534.397840
4520.813227
4507.567644
4495.586395
4482.993841
4469.213963
4456.878662
4444.321156
4428.895473
4416.367054
4402.274847
4388.138294
4373.890638
4361.435890
4349.667072
4337.117434
4322.259665
4308.825254
4297.341108
4286.043167
4273.374319
4258.380890
4243.995190
4231.827736
4217.376947
4205.093622
4191.246986
4173.947096
4160.738945
4146.266222
4133.186817
4121.719122
4109.348536
4096.826077
4085.717678
4073.522568
4061.456203
4049.880743
4038.227797
4026.136160
4013.724566
4001.687765
3989.573956
3976.761580
3963.670492
3948.596001
3932.774305
3917.312145
3901.607513
3885.729313
3871.455431
3857.362747
3844.544172
3832.811117
3821.248293
3808.487415
3795.428514
3781.423807
3769.949436
3757.758617
3744.134426
3730.586052
3719.184637
3706.607819
3693.448544
3681.030750
3669.374228
3653.740644
3638.847351
3626.064062
3612.908125
3599.276304
3587.070942
3574.323893
3561.845303
3548.780441
3535.969973
3522.983074
3510.183334
3497.021914
3482.629299
3470.128536
3455.608845
3442.654133
3430.021048
3416.605473
3403.388739
3391.059160
3377.834558
3364.615440
3353.980780
3341.835260
3329.917431
3316.874743
3296.358109
3280.668259
3259.292841
3245.362520
3231.176853
3217.250109
3203.330517
3190.729380
3177.262068
3162.380457
3148.143768
3133.013964
3117.942333
3101.924419
3088.197947
3074.678183
3061.199665
3048.215866
3037.080050
3023.805141
3011.257410
2998.411179
2985.949516
2970.129728
2954.673290
2939.819574
2926.289558
2913.687944
2902.676821
2890.590429
2877.721786
2865.905523
2854.766130
2842.321396
2828.341484
2810.283422
2796.800852
2783.760309
2771.545649
2758.810759
2745.663643
2733.869076
2721.211672
2706.289053
2692.732811
2679.974079
2666.368723
2650.920630
2636.482239
2621.592522
2607.221127
2594.687700
2581.966400
2567.162514
2555.113077
2542.811871
2529.639244
2516.033411
2502.147675
2487.604380
2474.875450
2461.956978
2450.751066
2438.727140
2423.851728
2409.965277
2397.477865
2385.078192
2370.808363
2354.590654
2341.637135
2328.665257
2315.690279
2302.493811
2290.682554
2277.174950
2263.265371
2251.373053
2238.375425
2225.201607
2212.134361
2198.654890
2180.839062
2168.799162
2156.081676
2142.236233
2127.614975
2115.241289
2102.864265
2090.198040
15.682697
13.328791
12.033224
6.452322
10.608912
6.455660
6.898165
7.544518
4.864931
6.785870
6.994724
7.720947
6.577015
7.954121
6.109476
6.681442
5.257845
7.098436
7.137537
7.665873
5.278826
7.859707
6.324053
8.147717
5.973577
6.108284
5.943775
7.404327
6.222725
6.693125
6.542921
6.838560
5.343914
6.827116
5.959034
7.262468
6.002188
7.284641
5.324125
7.497311
5.958796
7.130861
6.453514
8.124828
5.756140
8.438110
6.110907
6.891251
5.330801
6.947756
5.320787
7.099152
6.078482
7.565022
5.883455
7.259607
13.013840
6.259441
12.114048
6.627083
12.698174
5.712032
11.834621
6.329536
5.105495
6.891251
5.495787
7.514477
6.133318
8.327007
12.853861
5.407572
5.399227
6.859541
7.669926
6.288528
11.611700
6.623030
10.556221
6.594181
11.482716
5.473614
7.904530
10.828733
6.571531
11.567116
7.802725
10.952950
7.260084
7.390976
5.125523
8.404970
6.108522
7.521629
5.521059
6.292343
6.773472
6.937504
6.686449
5.312204
6.090164
6.977797
7.399797
6.007195
7.169008
5.433321
10.102034
6.098032
7.071257
5.676031
6.356478
5.298853
7.155180
5.502462
7.245064
5.163431
7.736206
10.169744
6.367445
6.042480
5.844593
7.808208
4.784107
6.693125
5.854130
5.352020
8.128405
4.990816
7.162809
5.538464
8.079767
5.734682
6.972313
5.429745
8.074999
6.140232
8.034945
6.009817
8.351564
5.617142
7.090807
5.206347
8.658409
5.517244
7.745743
5.886078
6.056547
7.226229
5.378962
5.698442
5.885601
7.589579
5.814075
7.807732
4.962206
6.739855
6.457090
7.579565
5.276442
7.388115
7.579565
6.821156
4.944563
7.537603
6.599426
6.778955
7.647276
6.901026
8.354664
6.116629
7.082224
5.049467
6.124496
5.869389
7.248402
4.984379
6.408453
5.236626
6.874561
4.993677
6.639957
5.112410
6.756783
5.065680
7.587671
6.070852
7.696390
5.359888
6.585598
5.328655
6.911993
5.710602
7.704258
5.146980
8.893013
5.693674
7.144928
5.133152
8.030415
6.390572
7.089138
5.712509
6.613255
6.817102
5.743265
6.764889
6.586313
5.684614
5.499601
6.782770
7.042170
8.165598
5.858898
7.185221
5.390406
6.662607
6.482363
7.087469
7.704020
5.903482
7.205009
14.564514
6.599903
7.901907
6.547451
6.970167
6.282330
7.203102
8.373976
6.106138
8.043766
5.887032
7.159472
6.741762
8.297682
12.921095
6.341219
11.296511
7.666349
13.148546
6.313562
11.770010
7.177591
6.808519
7.368326
5.314112
7.006645
5.861998
6.587029
5.856752
12.508154
7.651806
4.882097
11.193275
6.258965
6.476402
5.725145
8.587837
6.843090
12.052774
5.794287
7.935286
6.889582
8.206367
5.386114
7.593870
5.196333
8.541822
6.056547
6.948471
5.934715
6.234169
6.390333
5.714417
5.751848
6.426573
5.907774
5.656958
5.486250
6.187677
5.235672
6.324291
5.217791
6.819010
5.431890
7.933855
5.810261
7.323265
7.807970
5.205870
8.687973
5.919218
7.861376
5.128860
7.136822
6.567478
6.464720
7.256031
5.846739
7.376671
6.374359
7.037640
6.235361
7.791758
6.481409
6.127596
5.988359
6.226778
5.440474
6.762028
4.783392
8.322954
6.109953
5.719900
6.486416
6.690741
6.598234
5.550861
8.035421
6.575108
8.617163
