9.739613
0.010931
0.006993
0.005961
0.011412
0.005320
0.223370
0.006632
0.209583
0.005701
0.177421
0.004128
0.006252
0.003537
0.201196
0.007805
0.300077
0.003677
0.225022
0.006272
0.203080
0.007634
0.267124
0.003967
0.168775
0.008095
0.339342
0.005470
0.018245
0.005851
0.021842
0.300026
0.006663
0.164015
0.004579
0.223328
0.003577
0.021251
0.020710
0.012905
0.023696
0.156581
0.021431
0.140149
0.025700
0.154226
0.026211
0.007153
0.020479
0.191357
0.040718
0.013707
0.025519
0.007735
0.031260
0.016943
0.036089
0.004900
0.193932
0.003747
0.230292
0.004609
0.016542
0.004849
0.016201
0.004168
0.247695
0.005832
0.006392
0.002855
0.181788
0.008957
0.256122
0.005811
0.288774
0.022794
0.204573
0.021031
0.181177
0.003937
0.027132
0.035669
0.003327
0.027463
0.003276
0.026741
0.027673
0.167601
0.037863
0.011362
0.017894
0.180496
0.025800
0.009378
0.018716
0.015670
0.020309
0.163834
0.023235
0.013716
0.023665
0.131171
0.024386
0.239118
0.019868
0.009088
0.024847
0.009879
0.022253
0.189583
0.044565
0.240521
0.023595
0.161129
0.023846
0.180326
0.021892
0.006342
0.008937
0.003697
0.186247
0.005902
0.382973
0.005180
0.255760
0.005921
0.203480
0.006382
0.018595
0.036459
0.019698
0.025790
0.009277
0.025268
0.021411
0.029135
0.012384
0.024688
0.152071
0.021621
0.243726
0.024647
0.357294
0.025709
0.203178
0.031380
0.007715
0.195344
0.003897
0.342786
0.003376
0.021701
0.007083
0.361051
0.005300
0.014408
0.007865
0.259957
0.008426
0.024157
0.004488
0.039275
0.003517
0.044816
0.002726
0.033083
0.003207
0.255540
0.003937
0.019918
0.002525
0.021161
0.005540
0.208128
0.007434
0.273763
0.020339
0.011683
0.028725
0.143805
0.024657
0.010951
0.032743
0.151861
0.023155
0.197848
0.024177
0.160026
0.030067
0.224238
0.024427
0.016301
0.023094
0.155647
0.024918
0.150287
0.023445
0.014117
0.031991
0.018486
0.020930
0.151169
0.024547
0.015870
0.022072
0.025579
0.022733
0.010400
0.003176
0.005490
0.195284
0.006762
0.027442
0.004839
0.037332
0.004779
0.017644
0.003697
0.227215
0.005711
0.007985
0.004599
0.014949
0.006883
0.014868
0.006603
0.014387
0.003367
0.005461
0.245870
0.121502
0.034486
0.011682
0.022213
0.149476
0.023796
0.158643
0.025690
0.134737
0.006553
0.003387
0.207437
0.003718
0.036329
0.007625
0.244537
0.007614
0.006282
0.008015
0.198860
0.006272
0.244187
0.004508
0.175365
0.003807
0.006212
0.005180
0.303369
0.005480
0.024787
0.003697
0.019448
0.005300
0.025038
0.006613
0.288221
0.005260
0.023124
0.007124
0.039726
0.041600
0.013024
0.025559
0.008376
0.089450
0.185013
0.009098
0.006112
0.003487
0.006883
0.004599
0.184984
0.004168
0.231062
0.004659
0.311966
0.003667
0.208719
0.003747
0.014568
0.004980
0.010921
0.003497
0.246270
0.003297
0.025869
0.022693
0.171247
0.037021
0.160336
0.031510
0.206063
0.004178
0.257711
0.007454
0.017283
0.007324
0.172820
0.007615
0.018976
0.004258
0.005460
0.003035
0.010851
0.003987
0.032412
0.004789
0.324459
0.007113
0.008126
0.008066
0.227163
0.244486
0.167941
0.022463
0.011903
0.010149
0.004469
0.008606
0.008897
0.007965
0.004499
0.020679
0.003928
0.345079
0.005170
0.333937
0.003116
0.175535
0.004058
0.023735
0.004949
0.252602
0.005700
0.013536
0.007134
0.005571
0.005310
0.181196
0.006052
0.215752
0.003327
0.136490
0.004639
0.210621
0.005831
0.235860
0.025989
0.186375
0.038994
0.014297
0.046780
0.200583
0.024747
0.008577
0.023806
0.205982
0.021441
0.019477
0.012363
0.044084
0.141039
0.023685
0.010500
0.023335
0.156849
0.026180
0.223005
0.037070
0.013386
0.020829
0.013025
0.023195
0.012604
0.032472
0.003446
0.086224
0.003967
0.012614
0.003557
0.255347
0.004899
0.270977
0.007745
0.008176
0.004969
0.005651
0.006472
0.187898
0.005801
0.228095
0.002755
0.016241
0.006131
0.016491
0.004639
0.017193
0.009008
0.175214
0.005781
0.310502
0.007063
0.254465
0.007694
0.013847
0.003146
0.007233
0.013155
0.021881
0.150567
0.022453
0.016622
0.021100
0.015609
0.027522
0.218466
0.039214
0.179031
0.024988
0.011242
0.036820
0.011893
0.029867
0.009909
0.029346
0.014558
0.023034
0.011893
0.020309
0.151058
0.033564
0.151629
0.024186
0.014407
0.029657
0.014157
0.015039
0.004288
0.232623
0.004969
0.212585
0.005511
0.007524
0.005030
0.012855
0.004809
0.150336
0.003256
0.192437
0.165014
0.023084
0.017544
0.025889
0.436078
0.025699
0.270434
0.024818
0.010941
0.019888
0.176816
0.027702
0.011382
0.022913
0.007354
0.023033
0.016822
0.025168
0.152590
0.023124
0.156076
0.023194
0.219978
0.021972
0.009498
0.033934
0.150166
0.022473
0.157800
0.021801
0.012975
0.026821
0.226641
0.027893
0.011041
0.025598
0.209669
0.026911
0.009358
0.036730
0.009197
0.023144
0.010600
0.023164
0.010390
0.036840
0.242631
0.026290
0.178930
0.022363
0.020228
0.216812
0.015850
0.022452
0.011712
0.022222
0.149495
0.019086
0.218335
0.024857
0.005630
0.213866
0.006492
0.011913
0.004558
0.032942
0.005691
0.196704
0.006793
0.244154
0.004358
0.215239
0.009368
0.297986
0.008256
0.317683
0.003777
0.202274
0.002595
0.007173
0.004398
0.271125
0.005451
0.243222
0.005370
0.011923
0.006382
0.019807
0.009598
0.006432
0.005160
0.021541
0.021050
0.140597
0.027322
0.139124
0.020749
0.013595
0.025549
0.012644
0.004328
0.249564
0.012123
0.047129
0.182977
0.022683
0.013095
0.028023
0.219006
0.025869
0.012213
0.026491
0.007314
0.024156
0.152209
0.024537
0.157189
0.022954
0.014899
0.021160
0.017133
0.236018
0.010620
0.020368
0.005460
0.008296
0.009438
0.012634
0.004058
0.189500
0.004018
0.146989
0.007845
0.226260
0.005420
0.022603
0.004579
0.007976
0.004518
0.212243
0.004569
0.019818
0.007845
0.318876
0.207844
0.012073
0.020278
0.023925
0.013225
0.064733
0.008176
0.271526
0.005120
0.007735
0.028665
0.007284
0.026180
0.003596
0.195641
0.005000
0.206642
0.005400
0.024397
0.004359
0.239495
0.008506
0.011371
0.006012
0.006833
0.009508
0.013736
0.004369
0.011051
0.008756
0.172337
0.005731
0.247079
0.007785
0.311441
0.007435
9.903594
0.024447
0.194579
0.025579
0.011992
0.028684
0.016752
0.027422
0.164221
0.021691
0.127723
0.020749
0.017744
0.021471
0.181124
0.026090
0.009257
0.029937
0.008806
0.021992
0.013686
0.030308
0.008276
0.025248
0.016552
0.020439
0.172598
0.226680
0.004959
0.235507
0.003556
0.275863
0.006893
0.012033
0.003577
0.029987
0.168029
0.025117
0.009609
0.031670
0.012284
0.028945
0.010399
0.027472
0.007755
0.013446
0.007254
0.014067
0.011532
0.209658
0.033333
0.007023
0.303346
0.003557
0.010019
0.183107
0.004228
0.261456
0.005260
0.262939
0.003176
0.213475
0.021471
0.013255
0.022273
0.155114
0.031901
0.148742
0.023074
0.160415
0.055125
0.235467
0.040607
0.283478
0.028504
0.217172
0.028684
0.004338
0.252960
0.003637
0.193717
0.006292
0.199379
0.005671
0.283127
0.004478
0.188918
0.003246
0.011171
0.003717
0.011542
0.003787
0.191944
0.006152
0.024396
0.004198
0.209948
0.004178
0.008786
0.004999
0.179250
0.006713
0.010159
0.003526
0.019808
0.210890
0.022753
0.212924
0.005591
0.250646
0.005941
0.220538
0.010981
0.017613
0.004007
0.009748
0.004589
0.216261
0.004649
0.007574
0.006252
0.191343
0.004949
0.210259
0.006392
0.189259
0.005450
0.007254
0.004148
0.009478
0.003367
0.179451
0.004208
0.006632
0.005210
0.199288
0.006122
0.011191
0.004890
0.006603
0.005040
0.027051
0.007574
0.020950
0.007204
0.352739
0.009157
0.008076
0.006362
0.005470
0.006643
0.195361
0.007384
0.024576
0.019968
0.167949
0.021130
0.010189
0.036510
0.138773
0.038553
0.003987
0.016050
0.003647
0.005620
0.006442
0.007274
0.007294
0.004629
0.004549
0.250525
0.004689
0.028945
0.009338
0.022573
0.012173
0.023916
0.157048
0.110790
0.023715
0.013616
0.021291
0.153922
0.023435
0.159262
0.032852
0.011832
0.029426
0.010160
0.037952
0.009779
0.039164
0.287836
0.022192
0.215148
0.024647
0.010620
0.024076
0.009949
0.003456
0.003316
0.279770
0.004218
0.209889
0.005620
0.017383
0.004899
0.204918
0.005921
0.019597
0.005109
0.187356
0.005320
0.187807
0.003937
0.214607
0.004198
0.019527
0.004088
0.265624
0.027733
0.014047
0.021331
0.018285
0.029997
0.010730
0.027813
0.147910
0.024386
0.006863
0.016582
0.006993
0.005380
0.003957
0.009789
0.005060
0.210830
0.008035
0.011181
0.007794
0.279590
0.005340
0.207514
0.004559
0.203276
0.007845
0.231579
0.004298
0.011131
0.378858
0.006261
0.008366
0.004479
0.006483
0.004268
0.294759
0.004349
0.011030
0.003987
0.005631
0.005391
0.225778
0.002976
0.008927
0.006181
0.012885
0.006212
0.007835
0.005420
0.180643
0.003937
0.006602
0.004498
0.006652
0.006252
0.197615
0.004439
0.165013
0.005020
0.155104
0.848639
0.015559
0.025628
0.011862
0.026670
0.010530
0.027242
0.159242
0.022192
0.022172
0.024777
0.008656
0.035848
0.180312
0.023074
0.155054
0.019728
0.008947
0.246107
0.004989
0.267737
0.003737
0.257298
0.006202
0.009388
0.012103
0.011322
0.003687
0.010621
0.006191
0.038914
0.003877
0.288717
0.006112
0.262608
0.003968
0.009077
0.004508
0.005370
0.004889
0.220057
0.004488
0.027132
0.004418
0.030989
0.008085
0.234786
0.005671
0.008155
0.003958
0.179631
0.003988
0.348861
0.005601
0.232501
0.005230
0.010069
0.006643
0.037682
0.009318
0.190271
0.003397
9.670387
0.185712
0.003917
0.023144
0.148261
0.022623
0.156086
0.033764
0.007544
0.029877
0.010711
0.025749
0.173839
0.024507
0.154163
0.025188
0.019687
0.021901
0.023575
0.058290
0.216370
0.045617
0.229746
0.023745
0.272817
0.031640
0.236248
0.030989
0.016531
0.024456
0.005149
0.210900
0.006523
0.010941
0.005030
0.007013
0.007975
0.204367
0.007374
0.006262
0.004188
0.251517
0.005671
0.012133
0.005681
0.301803
0.005841
0.176444
0.005200
0.028294
0.011121
0.024617
0.012113
0.024667
0.335446
0.018796
0.157960
0.019396
0.176594
0.027522
0.009929
0.017082
0.006412
0.007965
0.003627
0.006733
0.004979
0.039555
0.005030
0.169522
0.004799
0.291082
0.004759
0.312403
0.004228
0.177607
0.005410
0.012744
0.004869
0.166566
0.004409
0.010370
0.004278
0.158170
0.004989
0.165835
0.003897
0.008416
0.004378
0.200019
0.003176
0.007344
0.009287
0.010811
0.009899
0.026069
0.006742
0.160364
0.176605
0.023625
0.009347
0.027352
0.009397
0.022733
0.019497
0.034966
0.013516
0.025408
0.012905
0.023525
0.156687
0.023514
0.014508
0.022743
0.243752
0.041018
0.009538
0.027031
10.639750
0.026190
0.011642
0.021160
0.221610
0.024847
0.157639
0.023073
0.014648
0.022442
0.176315
0.022543
0.184530
0.027162
0.189099
0.020609
0.013145
0.030317
0.204708
0.026730
0.013376
0.025218
0.197475
0.026169
0.139465
0.021952
0.032322
0.263901
0.005230
0.050085
0.193757
0.024787
0.206091
0.045135
0.130407
0.024306
0.185792
0.024887
0.013706
0.021461
0.009288
0.027532
0.018244
0.020850
0.141098
0.020118
0.190892
0.024556
0.010119
0.027291
0.015679
0.035507
0.245836
0.028825
0.015399
0.024296
0.015519
0.029235
0.175743
0.025368
0.147270
0.027993
0.012764
0.028765
0.010971
0.024105
0.014607
0.026370
0.059572
0.038192
0.011602
0.025799
0.031209
0.206311
0.232400
0.006292
0.260724
0.005661
0.030488
0.204478
0.023735
0.009177
0.024867
0.011351
0.021741
0.151738
0.022994
0.154743
0.021912
0.010870
0.027983
0.137610
0.024677
0.209837
0.026871
0.207383
0.026811
0.218584
0.004949
0.234885
0.004699
0.214596
0.004478
0.145536
0.029957
0.013556
0.027883
0.014638
0.036819
0.212473
0.032582
0.186584
0.042671
0.015099
0.031129
0.162849
0.039505
0.014688
0.204668
0.004469
0.202012
0.003777
0.034285
0.004298
0.014187
0.004709
0.012383
0.004849
0.212863
0.005169
0.010890
0.004458
0.023324
0.011141
0.165684
0.033223
0.151427
0.023144
0.018114
0.024246
0.185521
0.032742
0.176244
0.026510
0.014027
0.022643
0.012474
0.026440
0.017864
0.025398
0.203847
0.040156
0.168138
0.021651
0.026230
0.028093
0.012975
0.025127
0.028414
0.024948
0.017714
0.027202
0.019747
0.032322
0.263400
0.212332
0.005771
0.196162
0.015249
0.022042
0.014808
0.025208
0.273999
0.024216
0.242159
0.045496
0.204418
0.028444
0.016972
0.024996
0.024315
0.031018
0.031097
0.025157
0.025567
0.029835
0.029574
0.025918
0.030296
0.030466
0.029765
0.025627
0.028622
0.024174
0.024555
0.020778
0.021289
0.024606
0.029644
0.013835
0.025898
0.011231
0.023073
0.022401
0.030527
0.025026
0.037248
0.025156
0.020928
0.021419
0.025397
0.021760
0.029715
0.024806
0.021670
0.024986
0.028483
0.024045
0.025767
0.025116
0.028252
0.025838
0.027000
0.024054
0.024916
0.021450
0.016641
0.016641
0.025267
0.029925
0.025257
0.024154
0.025417
0.023152
0.037459
0.028823
0.023152
0.031959
0.019095
0.022952
0.025026
0.013405
0.020988
0.021400
0.027370
0.021960
0.021500
0.016911
0.018945
0.017612
0.037529
0.029995
0.030255
0.022171
0.021079
0.030736
0.021809
0.025417
0.022541
0.025016
0.026248
0.029675
0.024244
0.024675
0.020358
0.011401
0.025507
0.025386
0.016991
0.017231
0.025196
0.023193
0.025507
0.025597
0.021459
0.031157
0.029303
0.026108
0.021650
0.008536
0.010710
0.020968
0.025587
0.026378
0.024454
0.021329
0.028993
0.022261
0.021910
0.021669
0.025667
0.025417
0.024725
0.020879
0.025547
0.029734
0.023664
0.025828
0.052706
0.024475
0.025957
0.033140
0.021780
0.017302
0.021920
0.017151
0.032564
0.031723
0.024498
0.021171
0.036832
0.022484
0.022805
0.019748
0.037063
0.020961
0.017324
0.024037
0.017594
0.024658
0.017585
0.024939
0.017925
0.025900
0.027253
0.026141
0.022253
0.029667
0.021492
0.020330
0.018707
0.025129
0.004940
0.031371
0.149211
0.016703
0.003998
0.034427
0.241702
0.015861
0.219328
0.023796
0.008466
0.015981
0.184770
0.019248
0.151586
0.019217
0.180673
0.022424
0.195171
0.008987
0.242072
0.020149
0.201944
0.027724
0.190251
0.023025
0.152628
0.020870
0.146325
0.033155
0.200160
0.019287
0.167326
0.019307
0.177316
0.019528
0.184740
0.009157
0.258684
0.021352
0.013316
0.020991
0.010771
0.022724
0.191804
0.029748
0.170442
0.017034
0.175633
0.020330
0.165443
0.021873
0.161936
0.017013
0.218326
0.014859
0.008226
0.023816
0.143349
0.046180
0.023897
0.021432
0.136977
0.019629
0.238194
0.021682
0.175011
0.020450
0.160803
0.020039
0.144682
0.014528
0.249366
0.020560
0.157888
0.039206
0.008066
0.022323
0.245097
0.022083
0.183688
0.022303
0.173058
0.027784
0.212183
0.022093
0.003226
0.138219
0.004779
0.005931
0.005731
0.006593
0.003788
0.007054
0.003487
0.006142
0.003587
0.009709
0.003186
0.006823
0.004258
0.006703
0.004038
0.007435
0.003837
0.013767
0.004619
0.004709
0.004679
0.012624
0.003026
0.010280
0.004839
0.138590
0.004509
0.013246
0.004720
0.116207
0.006563
0.005992
0.005460
0.008115
0.004429
0.265737
0.213175
0.003657
0.019748
0.004889
0.007505
0.004559
0.004919
0.020761
0.156395
0.021662
0.149221
0.015821
0.010160
0.021752
0.166625
0.034988
0.019809
0.163890
0.027624
0.199379
0.020169
0.136817
0.029687
0.177555
0.008536
0.163128
0.023816
0.165462
0.022674
0.177335
0.019768
0.270276
0.018386
0.183387
0.021351
0.157306
0.008447
0.158940
0.023847
0.161515
0.014940
0.262552
0.022634
0.020339
0.014839
0.231211
0.028094
0.198256
0.020761
0.182085
0.046490
0.202034
0.020650
0.003066
0.005431
0.003396
0.137748
0.004599
0.006623
0.004308
0.133009
0.002896
0.029567
0.005000
0.005400
0.002605
0.008887
0.007494
0.184339
0.004208
0.131336
0.003688
0.152297
0.003687
0.009478
0.004890
0.006883
0.003697
0.150733
0.005771
0.005040
0.003376
0.005962
0.003908
0.005270
0.004008
0.004799
0.003446
0.004860
0.004719
0.004779
0.013186
0.021131
0.159260
0.023466
0.140835
0.026442
0.101908
0.001674
0.002965
0.005691
0.002996
0.007384
0.004780
0.007445
0.004860
0.004779
0.003627
0.027083
0.004669
0.005792
0.004639
0.005501
0.004719
0.022774
0.004689
0.005732
0.004839
0.006102
0.003247
0.007635
0.004329
0.010250
0.004479
0.169050
0.006442
0.006613
0.005080
0.005781
0.004870
0.006253
0.002495
0.007966
0.003887
0.121407
0.004098
0.005380
0.004859
0.006904
0.003848
0.006903
0.005240
0.007144
0.003928
0.005411
0.016342
0.129743
0.023756
0.012233
0.020900
0.155543
0.034307
0.157507
0.007806
0.145694
0.022184
0.005831
0.008136
0.199238
0.019798
0.127478
0.034217
0.219077
0.014759
0.198346
0.021091
0.185692
0.006262
0.198757
0.020370
0.182445
0.025089
0.203877
0.016833
0.157126
0.038265
0.018125
0.021552
0.010470
0.020350
0.182987
0.021461
0.154772
0.021662
0.019759
0.008687
0.191803
0.020690
0.170993
0.021131
0.166434
0.004108
0.216983
0.020570
0.162396
0.023566
0.259184
0.020731
0.151645
0.021131
0.139582
0.011803
0.013777
0.020089
0.167396
0.024578
0.019177
0.017254
0.152998
0.028987
0.003446
0.028416
0.136616
0.020590
0.003958
0.017634
0.154942
0.021161
0.161003
0.030590
0.161574
0.017584
0.009849
0.021211
0.164250
0.027073
0.182455
0.021842
0.003005
0.005581
0.003527
0.233955
0.003767
0.200049
0.004078
0.015860
0.003487
0.015260
0.003186
0.158678
0.004849
0.024066
0.003056
0.010581
0.006172
0.149902
0.003898
0.007955
0.005280
0.006463
0.003948
0.160502
0.004128
0.007564
0.003406
0.004859
0.005471
0.016242
0.004308
0.004780
0.017704
0.179459
0.020370
0.158548
0.007174
0.220920
0.020329
0.162796
0.020901
0.190581
0.021201
0.188567
0.021231
0.003657
0.009078
0.006643
0.220088
0.004990
0.146765
0.007695
0.143399
0.005270
0.005280
0.005601
0.005541
0.004729
0.006643
0.004709
0.005090
0.003707
0.133289
0.003978
0.005861
0.003707
0.004740
0.004418
0.127619
0.006863
0.005631
0.004328
0.005451
0.002524
0.005130
0.003116
0.004929
0.004238
0.005982
0.005009
0.010280
0.007034
0.006894
0.002405
0.009749
0.006031
0.007194
0.008977
0.007736
0.005150
0.006923
0.007064
0.007214
0.005591
0.008446
0.002896
0.015100
0.003757
0.144591
0.003497
0.120534
0.004078
0.005150
0.003015
0.009959
0.005100
0.007424
0.003347
0.120244
0.005250
0.122148
0.005370
0.011172
0.003076
0.004138
0.006983
0.004679
0.004850
0.006523
0.006052
0.201572
0.004899
0.018246
0.004359
0.006894
0.005741
0.242312
0.004720
0.010791
0.004268
0.006764
0.004909
0.006873
0.005230
0.004750
0.005120
9.674052
0.011763
0.206562
0.020390
0.172706
0.025900
0.165923
0.008376
0.163057
0.018005
0.171083
0.010310
0.194989
0.021592
0.126055
0.028626
0.139491
0.015049
0.224296
0.019598
0.008687
0.019999
0.128470
0.029568
0.192515
0.021652
0.006523
0.021191
0.157106
0.014268
0.137046
0.020460
0.173858
0.003036
0.003076
0.027413
0.147997
0.021983
0.230859
0.020370
0.158859
0.027193
0.176213
0.020650
0.156384
0.018997
0.192996
0.033455
0.187465
0.009268
0.184670
0.022724
0.151424
0.011903
0.006422
0.020740
0.149861
0.034598
0.174209
0.023776
0.255296
0.023987
0.006513
0.024809
0.165151
0.016612
0.203426
0.018395
0.182135
0.028896
0.206292
0.008787
0.142677
0.019598
0.135043
0.033164
0.004799
0.015470
0.168538
0.018997
0.188817
0.024668
0.175111
0.021562
0.181102
0.016452
0.146846
0.019147
0.174629
0.007375
0.383836
0.020119
0.182384
0.042182
0.006042
0.022073
0.206001
0.027794
0.200199
0.020560
0.241649
0.022634
0.135444
0.019878
0.140323
0.034788
0.144791
0.024548
0.008597
0.020410
0.163428
0.020260
0.214788
0.022354
0.248444
0.020019
0.015640
0.026010
0.140133
0.034817
0.187004
0.018135
0.154721
0.023716
0.139501
0.020479
0.151775
0.019778
0.224106
0.022113
0.013856
0.018977
0.016903
0.019718
0.009659
0.027834
0.004098
0.190100
0.002655
0.006543
0.003677
0.006994
0.004609
0.004709
0.003397
0.006733
0.004539
0.010129
0.003748
0.005611
0.004829
0.225388
0.005070
0.006794
0.005671
0.004930
0.005741
0.005341
0.004048
0.007514
0.005150
0.152376
0.004990
0.004989
0.005030
0.005241
0.003988
0.006552
0.003797
0.005681
0.004679
0.005641
0.002615
0.117859
0.004489
0.007034
0.004589
0.028556
0.002184
0.016151
0.003677
0.006753
0.004459
0.004829
0.003607
0.020900
0.005130
0.005871
0.003076
0.004759
0.004700
0.203656
0.003817
0.011623
0.003648
0.139281
0.004599
0.006883
0.003667
0.007946
0.004919
0.168166
0.002996
0.154290
0.005129
0.018045
0.004709
0.005491
0.006383
0.004649
0.004980
0.006072
0.003908
0.006413
0.004468
0.006423
0.004909
0.006753
0.006613
0.154130
0.002776
0.007094
0.003587
0.005250
0.004598
0.005410
0.007154
0.005361
0.012725
0.212463
0.022974
0.238934
0.023246
0.153869
0.003847
0.164410
0.026773
0.017253
0.019909
0.156384
0.023215
0.168056
0.018957
0.006493
0.021021
0.140473
0.021041
0.010651
0.015310
0.142226
0.021592
0.154450
0.022834
0.152988
0.023295
0.142998
0.019267
0.148929
0.018366
0.141454
0.021252
0.162256
0.031431
0.139972
0.019778
0.171713
0.023386
0.138549
0.033205
0.281507
0.018456
0.196862
0.021903
0.171122
0.010160
0.008396
0.122017
0.002034
0.142557
0.003317
0.241970
0.004199
0.170021
0.005241
0.005651
0.004188
0.004569
0.003898
0.005881
0.003246
0.005911
0.005020
0.261728
0.005110
0.007615
0.003307
0.120765
0.004649
0.119583
0.005270
0.005341
0.007866
0.004849
0.004018
0.005520
0.003346
0.005070
0.003677
0.007465
0.003737
0.006883
0.003076
0.274323
0.004539
0.151845
0.003547
0.211972
0.003296
0.217934
0.003828
0.022944
0.003146
0.005211
0.003968
0.008426
0.004619
0.011803
0.003517
0.127418
0.003396
0.016222
0.004729
0.007335
0.003777
0.129101
0.006623
0.245236
0.005180
0.004880
0.002725
0.005220
0.004959
0.005551
0.003687
0.029056
0.004048
0.015681
0.004228
0.005651
0.003217
0.005460
0.003707
0.023195
0.004689
0.006763
0.003286
0.006323
0.003366
0.125965
0.009789
0.291516
0.023495
0.156204
0.029157
0.016552
0.008958
0.181553
0.023365
0.150923
0.020430
0.131185
0.020109
0.130904
0.008206
0.149771
0.020530
0.012634
0.008276
0.160261
0.021081
0.009128
0.029237
0.008647
0.018747
0.126826
0.019728
0.140353
0.018897
0.013677
0.019678
0.277489
0.018095
0.132407
0.028896
0.184668
0.019948
0.210920
0.023756
0.182123
0.020860
0.200439
0.022384
0.180260
0.022373
0.142006
0.022464
0.211050
0.007956
0.127838
0.037633
0.008857
0.023896
0.160612
0.021562
0.007625
0.023346
0.173197
0.020871
0.148959
0.021451
0.008697
0.018807
0.005841
0.020530
0.152747
0.028625
0.017334
0.022664
0.011332
0.021692
0.006743
0.026531
0.018526
0.021211
0.012053
0.020270
0.156444
0.036221
0.018586
0.008627
0.179699
0.020460
0.168097
0.023977
0.003968
0.027774
0.153598
0.016902
0.010972
0.214987
0.002805
0.020991
0.004028
0.274142
0.005420
0.199207
0.003287
0.144661
0.003005
0.007725
0.005481
0.007645
0.004629
0.007174
0.003928
0.007285
0.003416
0.136124
0.004238
0.006954
0.004849
0.010109
0.003597
0.006232
0.003186
0.147286
0.004559
0.006382
0.005080
0.015029
0.005411
0.146284
0.004568
0.007134
0.004509
0.005591
0.004569
0.005911
0.005631
0.011492
0.004168
0.004488
0.003888
0.010490
0.157015
0.005440
0.148969
0.002976
0.147957
0.005741
0.012675
0.003918
0.119522
0.004860
0.005130
0.005050
0.005170
0.004709
0.007134
0.002555
0.194438
0.003877
0.005050
0.003928
0.006312
0.003216
0.023105
0.002595
0.129832
0.002745
0.007004
0.002956
0.007084
0.002214
0.014077
0.005030
0.005601
0.023867
0.006904
0.005341
0.007034
0.003907
0.005891
0.004990
0.006021
0.003768
0.266828
0.028195
0.207683
0.020039
0.011843
0.021331
0.153017
0.019017
0.156965
0.020079
0.189928
0.021282
0.150943
0.023035
0.018847
0.020350
0.161934
0.033745
0.158458
0.016081
0.161934
0.020610
0.190009
0.026211
0.167204
0.006713
0.255416
0.020289
0.193686
0.023996
0.013356
0.022123
0.143479
0.018947
0.004669
0.023406
0.166714
0.015050
0.173657
0.022805
0.140463
0.023425
0.006122
0.008887
0.162415
0.003807
0.007174
0.004369
0.005601
0.005090
0.006132
0.006012
0.005971
0.004779
0.020239
0.004979
0.006452
0.003387
0.013126
0.004168
0.008416
0.004930
0.005301
0.004599
0.007515
0.005300
0.148759
0.007294
0.209206
0.004568
0.007274
0.003908
0.006824
0.002865
0.013957
0.004218
0.004759
0.005310
0.160522
0.003337
0.005010
0.003296
0.004128
0.004719
0.019458
0.003707
0.007354
0.003788
0.006543
0.003557
0.011392
0.003397
0.006944
0.003297
0.005751
0.004259
0.004930
0.004529
0.007274
0.004529
0.005691
0.005761
0.018997
0.023827
0.156453
0.022434
0.191561
0.019057
0.167054
0.023946
0.141013
0.015661
0.158818
0.020199
0.132567
0.023927
0.221930
0.019699
0.169769
0.021672
0.145783
0.020760
0.011372
0.035198
0.199558
0.006252
0.141896
0.019367
0.130203
0.028886
0.241428
0.010450
0.004348
0.022905
0.144951
0.006763
0.402371
0.022353
0.166573
0.021331
0.211190
0.022273
0.195750
0.028065
0.198746
0.023626
0.192042
0.022203
0.165431
0.020841
0.171112
0.021491
0.185970
0.014819
0.165101
0.021302
0.175661
0.028455
0.160351
0.022123
0.161062
0.021983
0.163166
0.021362
0.167075
0.019508
0.185940
0.023125
0.161544
0.031101
0.016522
0.015229
0.161343
0.020600
0.149330
0.021141
0.200940
0.018916
0.186471
8.432725
0.006653
0.007725
0.003738
0.005501
0.003607
0.132887
0.005140
0.175140
0.008276
0.005220
0.004128
0.009889
0.006703
0.016181
0.002776
0.007545
0.005220
0.007665
0.003808
0.186592
0.018476
0.014848
0.024658
0.026963
0.022203
0.010290
0.026352
0.148958
0.031030
0.170331
0.023425
0.017865
0.014067
0.161884
0.026923
0.010430
0.030489
0.011572
0.023967
0.146494
0.025340
0.022344
0.018626
0.194588
0.003978
0.135293
0.004629
0.158958
0.004619
0.021883
0.004038
0.005541
0.003847
0.005070
0.005320
0.007124
0.004729
0.006623
0.004509
0.172505
0.003166
0.015590
0.005410
0.005631
0.004809
0.025600
0.003557
0.010130
0.004889
0.221529
0.004859
0.007845
0.004859
0.017063
0.002686
0.226609
0.005050
0.131034
0.004248
0.006503
0.005070
0.161633
0.004959
0.277738
0.004579
0.017503
0.004599
0.005260
0.007063
0.005551
0.004569
0.005361
0.004439
0.009338
0.005201
0.006813
0.005901
0.016371
0.004329
0.006612
0.004279
0.114261
0.005311
0.009479
0.005531
0.005009
0.005220
0.005320
0.003777
0.006252
0.004138
0.017735
0.003066
0.007364
0.004679
0.005471
0.004068
0.022985
0.003907
0.004439
0.004258
0.143849
0.002896
0.006312
0.005671
0.010471
0.004689
0.003878
0.003937
0.154579
0.005431
0.005571
0.004499
0.006302
0.022163
0.017955
0.019457
0.148347
0.021642
0.161573
0.018205
0.155942
0.020880
0.189598
0.017374
0.234514
0.026992
0.162896
0.018876
0.007665
0.007164
0.214936
0.009869
0.008497
0.021001
1.229934
0.008617
0.209716
0.017063
0.147777
0.027283
0.015521
0.012865
0.224545
0.033876
0.281866
0.028315
0.021842
0.037223
0.027313
0.021131
0.020950
0.021010
0.023896
0.037282
0.022554
0.023485
0.029788
0.021873
0.021712
0.021581
0.028916
0.021661
0.017013
0.021040
0.017263
0.029336
0.022133
0.030709
0.025388
0.005450
0.026260
0.132415
0.020429
0.017725
0.021812
0.176821
0.008757
0.183704
0.027403
0.278706
0.017874
0.221216
0.016552
0.268968
0.029627
0.193332
0.021281
0.126594
0.016793
0.011152
0.031340
0.288465
0.022584
0.125962
0.019868
0.003527
0.006502
0.006983
0.031802
0.132284
0.030308
0.098379
0.020529
0.011182
0.028936
0.004219
0.031671
0.022152
0.020740
0.003537
0.021371
0.135581
0.021281
0.119100
0.156922
0.027854
0.132946
0.030398
0.005070
0.021631
0.131594
0.019498
0.009238
0.020199
0.005701
0.028404
0.181168
0.019277
0.150811
0.020559
0.003367
0.027944
0.230684
0.020680
0.119330
0.014528
0.204523
0.025279
0.002365
0.021661
0.150289
0.013015
0.010721
0.019408
0.128758
0.025880
0.171941
0.021822
0.153756
0.017243
0.146663
0.015380
0.003446
0.030669
0.143115
0.021712
0.182671
0.037532
0.002866
0.132385
0.003207
0.140060
0.004829
0.008506
0.004669
0.007274
0.003006
0.131884
0.009368
0.008767
0.004579
0.013296
0.002214
0.012624
0.003236
0.005060
0.003046
0.005230
0.003066
0.004569
0.003387
0.004729
0.002885
0.131072
0.002575
0.015480
0.003045
0.144889
0.002936
0.142824
0.002044
0.134699
0.003207
0.213060
0.002775
0.111585
0.002656
0.005089
0.002906
16.111202
0.003747
0.187040
0.002565
0.130531
0.003386
0.193522
0.002865
0.004088
0.003136
0.026261
0.003076
0.138867
0.003226
0.008276
0.002775
0.194254
0.004859
0.006412
0.004869
0.006543
0.006152
0.018465
0.004589
0.006743
0.005280
0.006543
0.004419
0.007014
0.005110
0.006763
0.005170
0.011763
0.004869
0.006883
0.005230
0.007805
0.001944
0.122996
0.005220
0.006873
0.004669
0.006542
0.030108
0.208992
0.020389
0.180868
0.024216
0.275500
0.010711
0.188793
0.009629
0.184435
0.026952
0.164286
0.032442
0.160329
0.021111
0.165218
0.019317
0.003547
0.020841
0.211858
0.019949
0.006382
0.015510
0.142153
0.031090
0.004549
0.018065
0.023476
0.020931
0.007474
0.020930
0.188924
0.208150
0.003006
0.013445
0.003026
0.004619
0.003056
0.004448
0.004358
0.005060
0.003287
0.008326
0.002645
0.131794
0.021632
0.006884
0.006182
0.143606
0.019908
0.148666
0.014287
0.007384
0.033825
0.017514
0.018956
0.156931
0.030048
0.017022
0.021963
0.006042
0.021822
0.139198
0.019718
0.126223
0.014258
0.119971
0.011141
0.138887
0.021170
0.006562
0.017424
0.152023
0.019297
0.123247
0.013736
0.009638
0.032493
0.022413
0.018436
0.017915
0.016342
0.007364
0.022223
0.005762
0.017163
0.135470
0.019889
0.265450
0.020620
0.191759
0.011703
0.003376
0.004498
0.003397
0.228900
0.002334
0.004569
0.002575
0.011863
0.003236
0.202409
0.006142
0.007835
0.005641
0.142144
0.002986
0.157302
0.005811
0.188062
0.003607
0.008116
0.002946
0.134609
0.005691
0.146983
0.003447
0.138025
0.003096
0.012754
0.003085
0.132796
0.002915
0.004729
0.002736
0.013476
0.003486
0.004188
0.004368
0.027874
0.003156
0.004338
0.004529
0.005261
0.012774
0.025198
0.022443
0.137304
0.008015
0.007044
0.021411
0.199093
0.017584
0.007734
0.022523
0.014498
0.020059
0.007394
0.034206
0.246835
0.017404
0.009178
0.017023
0.128637
0.021852
0.165689
0.018516
0.134379
0.036972
0.294657
0.020219
0.146522
0.017724
0.128287
0.019126
0.014828
0.022724
0.141823
0.020840
0.116424
0.025670
0.241925
0.020790
0.162773
0.023245
0.254268
0.021140
1.241116
0.020169
0.150119
0.035478
0.204232
0.019106
0.002986
0.016151
0.003877
0.135741
0.002745
0.008456
0.002805
0.003988
0.003416
0.012975
0.003006
0.006232
0.004719
0.186328
0.002665
0.128186
0.002976
0.262905
0.004589
0.004699
0.002575
0.016291
0.002585
0.004709
0.003807
0.018515
0.002915
0.005310
0.002886
0.011412
0.004779
0.015089
0.005882
0.319494
0.013496
0.005972
0.005671
0.036580
0.019307
0.022373
0.130430
0.008156
0.009558
0.022253
0.153706
0.021341
0.001853
0.002886
0.154046
0.024457
0.006182
0.016502
0.008957
0.016291
0.169085
0.040779
0.163304
0.020560
0.009167
0.020760
0.188101
0.033444
0.232808
0.020118
0.006752
0.019998
0.214041
0.007684
0.318432
0.022073
0.006633
0.022925
0.194333
0.019137
0.140300
0.020369
0.007053
0.020339
0.145279
0.006342
0.132235
0.008967
0.157132
0.020659
0.008045
0.015670
0.009288
0.036720
0.227347
0.021010
0.009548
0.032422
0.020920
0.018415
0.001944
0.147764
0.002746
0.004239
0.002895
0.167381
0.002916
0.006612
0.008216
0.210975
0.004719
0.007435
0.004619
0.006422
0.004779
0.112105
0.002755
0.127976
0.002865
0.126273
0.004128
0.035018
0.004840
0.162552
0.003447
0.149156
0.002555
0.114850
0.004098
0.007304
0.003015
0.011612
0.002345
0.128317
0.005280
0.006523
0.005000
0.143426
0.002765
0.022894
0.003146
0.125721
0.002745
0.147394
0.003286
0.280078
0.016261
0.169535
0.019407
0.125832
0.023696
0.206487
0.006422
0.003156
0.021662
0.113659
0.020440
0.016451
0.019267
0.004048
0.020299
0.140560
0.027502
0.179986
0.022674
0.141151
0.016542
0.183122
0.009328
0.179635
0.036059
0.183412
0.020119
0.167251
0.010861
0.200064
0.020199
0.160769
0.012373
0.016472
0.021121
0.007595
0.009789
0.136302
0.016401
0.170348
0.025018
0.002985
0.007644
0.005400
0.012013
0.003567
0.144988
0.002745
0.146551
0.007264
0.005460
0.003386
0.130641
0.005350
0.282673
0.002996
0.005210
0.003547
0.005771
0.002795
0.004658
0.002254
0.014729
0.003196
0.004138
0.005330
0.144007
0.002765
0.168784
0.002845
0.217387
0.002765
0.144528
0.005902
0.018095
0.002845
0.266863
0.003607
0.111424
0.004278
0.005210
0.002886
0.131843
0.007204
0.007905
0.035618
0.160208
0.021411
0.265961
0.020579
0.138306
0.029998
0.191969
0.018245
0.158455
0.017995
0.139178
0.022463
0.009818
0.013486
0.130781
0.025208
0.005961
0.017483
0.185817
0.002966
0.004178
0.002495
0.117055
0.003747
0.213540
0.003247
0.005421
0.003036
0.011131
0.003927
0.131242
0.002765
0.003927
0.003036
0.127114
0.003146
0.004970
0.003015
0.141051
0.002825
0.122806
0.005210
0.007063
0.022994
0.143436
0.015059
0.124229
0.011533
0.168905
0.021140
0.009247
0.022393
0.020990
0.022313
0.007635
0.014147
0.129479
0.018826
0.015400
0.017935
0.132705
0.025229
0.008456
0.016491
0.007454
0.037662
0.012935
0.016622
0.013697
0.126182
0.002805
0.010640
0.002625
0.129829
0.002775
0.117236
0.004118
0.032212
0.002745
0.003757
0.003266
0.004469
0.002805
0.006793
0.020980
0.005300
0.020399
0.007574
0.018726
0.138616
0.007184
0.115552
0.003266
0.005070
0.005110
0.122044
0.003807
0.125040
0.003406
0.003938
0.003406
0.007224
0.002685
0.123798
0.002775
0.004418
0.002385
0.122265
0.003096
0.125090
0.004128
0.008516
0.003267
0.231765
0.002895
0.128066
0.003326
0.037962
0.002535
0.014387
0.003998
0.004559
0.003286
0.200535
0.003106
0.134308
0.002875
0.004057
0.002926
0.004679
0.003226
0.004659
0.003086
0.155288
0.004739
0.005871
0.003376
0.131243
0.003206
0.006141
0.004158
0.003477
0.003557
0.005380
0.003005
0.003797
0.001783
0.005220
0.002525
0.003667
0.004388
0.005651
0.005661
0.141933
0.002845
0.006101
0.002675
0.138766
0.018125
0.007815
0.031110
0.018035
0.023465
0.004439
0.157663
0.003787
0.004218
0.005561
0.164646
0.002335
0.004469
0.001783
0.004308
0.001903
0.005521
0.002645
0.111284
0.002966
0.011903
0.004869
0.006352
0.004609
0.013316
0.004478
0.006212
0.004729
0.006643
0.004238
0.002495
0.021051
0.158304
0.021782
0.018936
0.021261
0.161560
0.034987
0.227066
0.016682
0.016351
0.019036
0.008045
0.021331
0.134048
0.014718
0.125631
0.020028
0.006934
0.019638
0.166399
0.021992
0.007073
0.021531
0.005010
0.018355
0.016040
0.017954
0.123387
0.019097
0.010389
0.020189
0.005671
0.009678
0.014297
0.192790
0.152342
0.020159
0.135641
0.018526
0.005311
0.012804
0.010189
0.014057
0.224521
0.008346
0.002846
0.130020
0.004138
0.010240
0.002956
0.123727
0.002735
0.005290
0.003257
0.004628
0.002986
0.004960
0.002324
0.008526
0.001943
0.193251
0.003497
0.119188
0.003086
0.018405
0.002856
0.004288
0.002474
0.114810
0.002875
0.005240
0.002675
0.004188
0.003026
0.005421
0.002846
0.007023
0.004358
0.169856
0.002996
0.006462
0.002935
0.211997
0.002875
0.006372
0.003146
0.137795
0.002976
0.004980
0.003838
0.006252
0.002625
0.113508
0.002525
0.019858
0.009218
0.019427
0.144488
0.019408
0.018145
0.021141
0.149968
0.005400
0.188212
0.022142
0.122996
0.023946
0.215194
0.020690
0.139688
0.017303
0.118056
0.025729
0.199613
0.022613
0.009428
0.033664
0.150359
0.020419
0.107076
0.021251
0.010641
0.021902
0.134659
0.020229
0.009007
0.016192
0.134398
0.046439
0.015590
0.018426
0.004168
0.030940
0.161069
0.018345
0.028224
0.021431
0.029557
11.199623
0.020940
0.025328
0.021171
0.022042
0.020349
0.025328
0.011653
0.024658
0.024818
0.009298
0.006593
0.021531
0.021572
0.010400
0.024487
0.022232
0.016983
0.020058
0.024667
0.021060
0.021672
0.017533
0.020900
0.021641
0.020229
0.025199
0.025719
0.029667
0.025409
0.024507
0.025439
0.024587
0.025058
0.024286
0.029417
0.030448
0.025358
0.030539
0.025659
0.030919
0.029296
0.025719
0.024597
0.030458
0.025569
0.039896
0.025739
0.024156
0.024817
0.030528
0.025789
0.030779
0.030218
0.024015
0.030288
0.024236
0.018285
0.025969
0.018796
0.017383
0.025689
0.025699
0.023755
0.025569
0.024166
0.024877
0.025498
0.031760
0.031300
0.017463
0.025379
0.030037
0.025218
0.025419
0.021200
0.025197
0.029186
0.024656
0.025098
0.037661
0.024336
0.025268
0.025398
0.025228
0.021551
0.024426
0.025268
0.038503
0.025979
0.021000
0.029616
0.031399
0.024968
0.043412
0.026040
0.026400
0.024656
0.026330
0.023615
0.030748
0.029997
0.029446
0.030719
0.030217
0.029576
0.028834
0.025629
0.030498
0.030267
0.025728
0.029165
0.030517
0.039174
0.025609
0.024427
0.029055
0.025849
0.025278
0.024587
0.029506
0.021160
0.024967
0.030177
0.025418
0.030337
0.023946
0.037150
0.029796
0.022442
0.025098
0.025177
0.029426
0.025739
0.037191
0.039504
0.024476
0.024286
0.038252
0.025177
0.057880
0.025047
0.030277
0.029997
0.030247
0.030417
0.024977
0.031109
0.025598
0.025989
0.025598
0.029025
0.025358
0.030688
0.024847
0.029757
0.025838
0.024617
0.030518
0.025128
0.025027
0.025137
0.029276
0.025018
0.025639
0.025548
0.024596
0.021140
0.024326
0.029616
0.025097
0.024947
0.036900
0.025067
0.024797
0.025368
0.024817
0.023625
0.025057
0.025478
0.026099
0.024697
0.029595
0.024526
0.023995
0.029245
0.024366
0.024887
0.030798
0.025528
0.029084
0.025538
0.025969
0.025427
0.042841
0.005571
0.024927
0.028834
0.032000
0.025879
0.025528
0.025488
0.032301
0.026359
0.024797
0.043743
0.025458
0.025518
0.003917
0.030598
0.024786
0.030227
0.025507
0.029625
0.025378
0.024997
0.027251
0.026489
0.028814
0.025879
0.024125
0.023233
0.025298
0.021099
0.025939
0.024726
0.025357
0.025999
0.037210
0.026509
0.025809
0.025578
0.029846
0.025688
0.022151
0.024897
0.024687
0.024737
0.025287
0.025308
0.025157
0.025368
0.025097
0.024496
0.024907
0.031058
0.024456
0.025378
0.024847
0.029756
0.025278
0.025448
0.030457
0.026019
0.020689
0.028964
0.030647
0.025338
0.025849
0.030527
0.040216
0.031208
0.025328
0.025378
0.029214
0.038672
0.025467
0.024205
0.031069
0.024506
0.030246
0.032039
0.029355
0.025808
0.023273
0.029064
0.028724
0.025588
0.031208
0.024606
0.007073
0.025859
0.030056
0.029766
0.024767
0.025658
0.031048
0.025377
0.025268
0.040075
0.025107
0.025277
0.025277
0.025047
0.024927
0.025007
0.026239
0.030818
0.025898
0.025268
0.020619
0.030527
0.024797
0.024646
0.030417
0.030597
0.030627
0.029725
0.031359
0.025217
0.029825
0.029945
0.025027
0.021621
0.024867
0.024866
0.030026
0.024756
0.024225
0.024345
0.024806
0.026299
0.024967
0.024736
0.024956
0.021270
0.043201
0.026179
0.021731
0.036999
0.020057
0.029215
0.024616
0.022111
0.029545
0.021420
0.032741
0.029064
0.029785
0.044352
0.024987
0.025157
0.025097
0.024556
0.024185
0.024676
0.023985
0.024386
0.030206
0.025337
0.025067
0.024926
0.024927
0.026169
0.025438
0.026078
0.024596
0.021841
0.017984
0.025297
0.024696
0.024656
0.029916
0.030737
0.030427
0.031419
0.024767
0.024656
0.025257
0.025217
0.024776
0.026389
0.025297
0.025247
0.024175
0.015209
0.021170
0.019306
0.017393
0.030326
0.025548
0.024255
0.025127
0.026078
0.044302
0.025597
0.024926
0.025417
0.024976
0.025026
0.025247
0.025417
0.023614
0.026239
0.025919
0.025448
0.025197
0.025107
0.025808
0.025398
0.024977
0.024967
0.026580
0.030026
0.024035
0.029705
0.029775
0.021420
0.025527
0.025287
0.030747
0.024947
0.029054
0.028554
0.026029
0.023825
0.022381
0.020919
0.021099
0.025297
0.025317
0.021400
0.022322
0.022171
0.021310
0.021480
0.025988
0.019837
0.021540
0.024796
0.025107
0.024946
0.025818
0.029575
0.025067
0.024746
0.038422
0.025377
0.025017
0.031689
0.030667
0.031278
0.025157
0.025006
0.025076
0.030647
0.030156
0.031319
0.029214
0.025378
0.023454
0.023654
0.032130
0.024877
0.030858
0.025097
0.024726
0.025006
0.023985
0.026048
0.026118
0.025327
0.024506
0.037560
0.025307
0.025107
0.025748
0.024977
0.023273
0.025497
0.030257
0.030296
0.025488
0.027581
0.030888
0.025257
0.025237
0.030306
0.024395
0.025147
0.037540
0.033663
0.024445
0.025177
0.030296
0.025197
0.024956
0.031108
0.025567
0.025598
0.025527
0.026279
0.029946
0.025718
0.027311
0.025207
0.031318
0.025267
0.030487
0.030687
0.029935
0.020328
0.024645
0.021510
0.028954
0.022502
0.031008
0.021440
0.024606
0.023404
0.025207
0.037820
0.029174
0.024115
0.025277
0.023604
0.025027
0.025587
0.024696
0.021670
0.025187
0.030066
0.023854
0.025126
0.025177
0.025668
0.030026
0.025167
0.024996
0.026589
0.024947
0.024125
0.024977
0.024706
0.024585
0.047648
0.025418
0.025216
0.024746
0.033152
0.024235
0.024756
0.024706
0.025237
0.029234
0.025918
0.025337
0.024786
0.024565
0.025527
0.023564
0.031068
0.023814
0.024505
0.025378
0.024866
0.024956
0.025788
0.025166
0.025056
0.021229
0.030818
0.025728
0.030306
0.025868
0.021279
0.024936
0.031298
0.024496
0.025447
0.021380
0.025177
0.024906
0.024535
0.024906
0.025267
0.025227
0.024876
0.024235
0.024576
0.024315
0.024817
0.025086
0.025958
0.024586
0.025267
0.030236
0.051095
0.051615
0.024806
0.025707
0.040836
0.025647
0.024736
0.025327
0.024906
0.030347
0.025387
0.025217
0.030286
0.025367
0.026720
0.025156
0.025527
0.024485
0.024846
0.025438
0.028903
0.025327
0.024926
0.024956
0.025377
0.025668
0.025487
0.025166
0.029655
0.021751
0.024525
0.029645
0.024896
0.024305
0.024355
0.024937
0.025487
0.025427
0.030436
0.023824
0.024846
0.024536
0.024736
0.025007
0.024235
0.030647
0.025527
0.025848
0.025497
0.025568
0.025247
0.024756
0.031278
0.024505
0.030106
0.030357
0.030586
0.025076
0.025357
0.025448
0.029976
0.025387
0.030216
0.036988
0.030156
0.024385
0.030887
0.029625
0.029344
0.025066
0.025517
0.025227
0.030106
0.025888
0.025166
0.024015
0.025207
0.029745
0.025698
0.025207
0.021910
0.029564
0.025638
0.029815
0.025227
0.021811
0.030106
0.025658
0.025567
0.025087
0.024275
0.025147
0.029565
0.024616
0.024716
0.025317
0.024696
0.025047
0.024866
0.025868
0.025527
0.025968
0.024947
0.025818
0.025638
0.025167
0.024836
0.030337
0.024646
0.025146
0.025257
0.030737
0.028804
0.025488
0.030136
0.030126
0.024666
0.024645
0.030567
0.025808
0.030046
0.028984
0.031008
0.025598
0.025637
0.026799
0.023304
0.028182
0.021620
0.021790
0.021400
0.038161
0.025066
0.024546
0.030446
0.021730
0.025327
0.025006
0.038161
0.029996
0.025017
0.023854
0.030587
0.024986
0.030587
0.024516
0.031960
0.024575
0.029826
0.021861
0.025738
0.023764
0.025216
0.029084
0.024746
0.024515
0.017382
0.017472
0.025287
0.024566
0.018074
0.039022
0.024305
0.017212
0.042439
0.024806
0.030687
0.024896
0.025177
0.024245
0.024746
0.020989
0.025106
0.029815
0.024705
0.025316
0.024615
0.030455
0.024235
0.026768
0.029353
0.021248
0.025507
0.021309
0.021359
0.024605
0.018113
0.026297
0.025507
0.025106
0.022201
0.023563
0.026058
0.024705
0.025286
0.017582
0.011431
0.024645
0.023883
0.028242
0.020537
0.022571
0.021349
0.024535
0.021829
0.025967
0.028372
0.037469
0.023162
0.022581
0.024344
0.024725
0.021168
0.020988
0.021620
0.028843
0.025266
0.030857
0.017522
0.017201
0.023904
0.021689
0.023663
0.024334
0.024465
0.021109
0.037899
0.027821
0.026779
0.025717
0.024435
0.025336
0.021719
0.023252
0.025346
0.021399
0.029384
0.029765
0.018935
0.019836
0.017833
0.011190
0.030946
0.022220
0.021620
0.021650
0.033801
0.021178
0.025857
0.031948
0.025387
0.026007
0.030506
0.029604
0.017341
0.026678
0.036868
0.016821
0.029905
0.017452
0.029404
0.024936
0.025596
0.009918
0.021178
0.030767
0.023834
0.031227
0.023753
0.021840
0.023143
0.021590
0.029644
0.028081
0.017422
0.004939
0.026037
0.034833
0.030506
0.022371
0.030445
0.025216
0.021018
0.021469
0.026759
0.030256
0.022401
0.024816
0.029825
0.029915
0.020457
0.022842
0.030466
0.025357
0.024765
0.037889
0.022040
0.024936
0.025216
0.029093
0.024695
0.026138
0.020928
0.023814
0.034012
0.017512
0.032830
0.037789
0.017231
0.018384
0.022081
0.029885
0.030416
0.025617
0.017663
0.016851
0.027580
0.022030
0.025506
0.017873
0.023232
0.020868
0.035515
0.025086
0.022881
0.022641
0.025847
0.018754
0.018594
0.037980
0.018103
0.029013
0.019766
0.023473
0.025216
0.025797
0.024535
0.024925
0.025987
0.025507
0.029735
0.025547
0.024294
0.006061
0.021439
0.024425
0.024826
0.023913
0.024024
0.030216
0.024184
0.021870
0.028091
0.031237
0.029824
0.029875
0.021759
0.029924
0.021239
0.021139
0.023052
0.020988
0.022742
0.038420
0.026238
0.025397
0.025206
0.030005
0.024555
0.026599
0.030937
0.025476
0.025657
0.028753
0.020978
0.025707
0.024424
0.021699
0.024344
0.021279
0.024886
0.020938
0.030867
0.023433
0.025837
0.025156
0.028232
0.004468
0.018533
0.030576
0.025887
0.029374
0.032559
0.021459
0.026138
0.023143
0.023973
0.020928
0.024725
0.018263
0.030857
0.019646
0.017812
0.027571
0.017322
0.025055
0.018093
0.039131
0.023894
0.034433
0.018083
0.026980
0.027661
0.026037
0.020427
0.023954
0.021279
0.029103
0.034614
0.029514
0.017883
0.021098
0.025556
0.017632
0.025577
0.025868
0.029835
0.026568
0.025146
0.025196
0.025377
0.024926
0.033100
0.020707
0.024255
0.026589
0.030105
0.025367
0.024134
0.025657
0.025617
0.017682
0.030626
0.017131
0.024525
0.029755
0.023974
0.024565
0.017983
0.025256
0.031798
0.025576
0.025827
0.027099
0.025486
0.025406
0.036086
0.030866
0.026108
0.025306
0.029734
0.025237
0.024916
0.025657
0.025707
0.034353
0.025096
0.024806
0.024826
0.028542
0.029795
0.025276
0.024975
0.029154
0.015428
0.025958
0.021590
0.021510
0.025627
0.021740
0.021880
0.024745
0.022421
0.024145
0.023773
0.024676
0.023864
0.024074
0.025076
0.021429
0.024385
0.035806
0.024876
0.025176
0.017542
0.036176
0.020828
0.026018
0.025016
0.025938
0.034183
0.030796
0.026068
0.025076
0.024185
0.024685
0.010910
0.026128
0.024134
0.026248
0.033682
0.043911
0.025156
0.017542
0.029764
0.024605
0.020998
0.030667
0.025667
0.039463
0.031017
0.017021
0.038420
0.024185
0.024856
0.025307
0.031959
0.025877
0.025607
0.026429
0.025005
0.009457
0.028933
0.021559
0.023884
0.020247
0.027170
0.010459
0.012373
0.025206
0.026929
0.025236
0.040204
0.025807
0.009858
0.024545
0.024826
0.024616
0.021509
0.024685
0.024175
0.024836
0.024785
0.021779
0.024134
0.013154
0.031207
0.025948
0.030286
0.020929
0.024535
0.037900
0.029374
0.021299
0.025167
0.025076
0.043820
0.026078
0.025597
0.021109
0.025887
0.030396
0.027049
0.026548
0.030796
0.021950
0.023844
0.021350
0.022321
0.026959
0.024806
0.021760
0.023924
0.025988
0.025346
0.024555
0.021730
0.030385
0.024585
0.021930
0.025166
0.024806
0.026669
0.024906
0.029474
0.025947
0.026639
0.024174
0.023734
0.023923
0.016871
0.025167
0.028453
0.029133
0.023984
0.023583
0.027310
0.025506
0.023583
0.023743
0.021840
0.024935
0.025937
0.025377
0.031958
0.025486
0.025197
0.017933
0.029364
0.024835
0.025446
0.024816
0.036076
0.025256
0.025226
0.025627
0.025156
0.021480
0.024856
0.030736
0.023333
0.021179
0.021580
0.024996
0.030776
0.025948
0.025297
0.028763
0.030115
0.029915
0.025066
0.025296
0.025066
0.030395
0.025758
0.024605
0.030496
0.026239
0.025266
0.025647
0.026057
0.025005
0.030727
0.025778
0.025276
0.025447
0.031928
0.025006
0.018424
0.029544
0.030706
0.024334
0.025126
0.024976
0.029805
0.025417
0.031347
0.025878
0.021540
0.025227
0.025777
0.025587
0.025176
0.017592
0.029735
0.024936
0.077483
0.024825
0.017191
0.025967
0.025928
0.025728
0.025216
0.026108
0.024114
0.025547
0.025317
0.024204
0.026519
0.028191
0.025467
0.022120
0.025617
0.024925
0.021389
0.026098
0.018414
0.024575
0.025046
0.021539
0.025838
0.024926
0.023172
0.017773
0.024875
0.025668
0.030486
0.025126
0.029834
0.018324
0.025897
0.030847
0.025988
0.030506
0.025357
0.018674
0.024615
0.026138
0.038381
0.023623
0.025397
0.020417
0.018394
0.023123
0.021088
0.025497
0.024946
0.022382
0.025417
0.025367
0.025978
0.031107
0.024796
0.024976
0.026439
0.031257
0.029875
0.025316
0.025066
0.021750
0.024655
0.025587
0.024946
0.029163
0.024835
0.030687
0.025968
0.030216
0.024686
0.025788
0.029815
0.030005
0.025718
0.029704
0.027801
0.036867
0.028733
0.024505
0.029624
0.023263
0.021219
0.025417
0.029834
0.017802
0.022090
0.028332
0.022210
0.025387
0.029073
0.018784
0.021229
0.039523
0.023744
0.028883
0.025537
0.022883
0.024154
0.025627
0.024405
0.023062
0.033412
0.032701
0.018194
0.019606
0.034414
0.025116
0.030777
0.030967
0.032430
0.028563
0.020107
0.039252
0.030606
0.030066
0.024846
0.020688
0.033342
0.036708
0.029774
0.020918
0.018955
0.023784
0.028833
0.028874
0.033983
0.030586
0.018304
0.017793
0.023733
0.030346
0.037579
0.020407
0.030035
0.023864
0.035315
0.034243
0.026188
0.021961
0.030807
0.021078
0.030836
0.018905
0.027170
0.018153
0.018875
0.033101
0.025146
0.021259
0.016591
0.037228
0.022221
0.036978
0.022993
0.025247
0.019696
0.024715
0.029574
0.022121
0.022010
0.021860
0.021659
0.023513
0.024656
0.021329
0.032470
0.025236
0.039943
0.036787
0.029084
0.020908
0.020819
0.038651
0.038561
0.029404
0.017722
0.029444
0.039863
0.017652
0.018264
0.017532
0.022551
0.024696
0.022151
0.024526
0.025998
0.025307
0.025467
0.021409
0.025447
0.029815
0.025287
0.025698
0.023223
0.022021
0.029725
0.045203
0.024866
0.028072
0.018755
0.024455
0.029845
0.021850
0.019876
0.017583
0.017241
0.017513
0.030666
0.034183
0.030557
0.017442
0.031198
0.030145
0.019345
0.029164
0.017833
0.038581
0.025177
0.037018
0.026058
0.024044
0.025797
0.018765
0.024224
0.026609
0.024515
0.029214
0.031859
0.023754
0.019957
0.026508
0.026519
0.029524
0.030827
0.018083
0.037318
0.022061
0.038090
0.029995
0.021179
0.037640
0.026098
0.019717
0.021600
0.018073
0.031898
0.024826
0.018054
0.018314
0.025027
0.017281
0.019676
0.017703
0.024815
0.025436
0.025477
0.023965
0.030035
0.018083
0.025297
0.024014
0.033442
0.024825
0.032560
0.018113
0.023994
0.024735
0.024065
0.025858
0.017483
0.018103
0.027891
0.021459
0.021219
0.026088
0.018444
0.021179
0.022711
0.020328
0.020989
0.037609
0.023463
0.029524
0.021320
0.023724
0.024775
0.024265
0.021450
0.024746
0.005400
0.024154
0.024044
0.037369
0.029635
0.021098
0.021470
0.021138
0.023473
0.038060
0.021029
0.030687
0.020738
0.029103
0.021239
0.012232
0.025367
0.016500
0.022090
0.023854
0.024265
0.018624
0.020918
0.020016
0.018153
0.026509
0.022311
0.017803
0.023674
0.037129
0.031067
0.024285
0.002946
0.013054
0.003637
0.265750
0.005931
0.006662
0.005681
0.007043
0.005049
0.008376
0.004899
0.006752
0.005249
0.009277
0.004879
0.007183
0.005109
0.006522
0.004689
0.007143
0.004588
0.006742
0.002855
0.020668
0.002665
0.005971
0.003076
0.157560
0.005079
0.014005
0.003757
0.125491
0.005059
0.153593
0.003116
0.174201
0.004419
0.011842
0.003036
0.005690
0.002825
0.013164
0.005690
0.150867
0.022561
0.147051
0.021379
0.136542
0.012724
0.200669
0.021169
0.167198
0.020488
0.175964
0.007614
0.202924
0.018945
0.137994
0.021580
0.189348
0.019155
0.161647
0.020056
0.217070
0.007284
0.022371
0.022101
0.203836
0.021449
0.166346
0.017823
0.145417
0.019896
0.172979
0.021209
0.150678
0.021249
0.191563
0.021379
0.284394
0.020748
0.154745
0.017963
0.244170
0.007975
0.164683
0.019636
0.166817
0.006191
0.209225
0.035255
0.143093
0.040164
0.008706
0.019285
0.004107
0.036868
0.010369
0.008095
0.184150
0.018224
0.010059
0.021260
0.003326
0.021089
0.157239
0.020828
0.161808
0.019175
0.179000
0.020718
0.138685
0.007464
0.176205
0.020869
0.172949
0.020157
0.157159
0.010259
0.192174
0.020799
0.151920
0.020248
0.152912
0.030626
0.173539
0.019636
0.007945
0.024886
0.028813
0.021009
0.024275
0.035666
0.056684
0.030305
0.016851
0.016941
0.023533
0.019997
0.023022
