3.761225
2.810867
2.065346
2.344460
2.256254
2.109508
2.356954
1.949988
2.166025
2.315926
2.492027
2.040598
2.573501
1.936673
1.699317
2.483482
2.046008
2.059604
2.713525
2.130067
1.756494
2.002116
2.215297
2.129877
2.568672
2.048103
2.263057
2.132552
2.654904
2.626361
2.515592
2.090673
2.143742
1.919381
2.278726
2.123584
2.320335
2.011594
2.335643
2.063091
2.286221
2.516534
2.560456
2.346934
2.132171
2.019088
2.152289
2.010292
2.124987
2.695130
2.017055
2.506555
1.941362
2.134064
2.731509
2.227139
2.135186
2.580494
2.036601
2.434039
2.030961
2.063301
2.156868
2.260553
2.187204
2.601574
1.994192
2.814324
2.378013
2.114187
2.455008
2.126290
2.015612
2.147720
2.007035
2.505924
2.040218
2.349871
2.141909
2.537413
2.266895
2.070054
2.052991
