10.721922
16.859770
11.467457
18.820524
9.073734
12.151241
9.709597
8.248329
9.528399
9.153366
11.386633
8.733988
9.652853
8.394718
8.150816
9.769440
9.255886
8.744001
9.267807
9.649277
8.664608
10.182858
8.900166
11.128902
8.848429
9.344101
8.989811
9.001493
9.146690
9.147882
9.141922
9.579420
8.497477
10.475636
10.499716
8.361340
9.905815
8.872032
9.440660
7.721663
8.667707
11.335135
10.725260
9.183407
9.868860
10.607719
10.433674
8.583784
9.332895
11.104107
9.294510
9.041071
8.097410
10.915279
8.509398
8.514404
10.177851
8.901596
7.997274
8.348942
10.335445
8.998156
8.762360
8.885384
8.591413
11.120558
9.760380
8.713007
9.698153
8.245230
9.979725
9.193897
9.199142
8.271933
10.157824
8.117437
8.169413
8.374691
8.977890
8.680344
9.027004
10.740519
8.673906
9.628534
8.634329
7.771254
8.348703
9.216309
8.560896
8.953571
8.628368
9.347200
9.476662
11.129379
9.073019
10.389805
8.870363
10.440350
8.724689
9.335279
9.788036
10.324001
9.908438
9.178638
9.793282
9.183884
8.203506
9.241819
8.285522
8.910418
10.636806
10.118723
10.658026
9.351969
9.386063
8.742571
8.683205
9.658813
8.856535
10.664701
8.445740
9.447098
10.292053
10.700226
8.669138
9.331465
8.283138
8.795261
9.659052
11.206150
9.145737
8.338213
8.513212
9.325743
8.410931
9.181738
9.202957
7.971048
8.897305
8.875370
9.187937
9.999752
10.256767
9.168625
9.836197
10.291815
9.020329
8.955240
9.300947
10.041475
9.305000
9.438038
8.956432
10.291576
8.534431
9.907722
9.527445
10.739326
8.613348
8.232832
10.047197
11.340141
8.543730
9.330273
8.626461
9.354830
9.300470
9.920597
10.393858
9.524107
9.042740
10.466576
9.594917
9.107828
9.814978
9.917974
9.120226
9.275913
8.757591
8.803606
8.907080
10.775328
8.225679
9.523869
9.555101
8.680820
9.955168
10.022879
7.920504
8.608341
9.546757
8.640289
10.387421
9.656191
10.258913
8.362055
8.952618
8.421898
8.463860
10.590792
9.721041
10.052919
8.068085
8.611917
8.955717
8.821011
10.157108
9.353399
9.879112
9.862185
9.105682
9.001017
8.752823
10.118008
10.500669
8.639812
10.157347
8.971214
8.709192
9.005547
9.062529
8.260012
8.956671
8.980989
11.049986
10.996819
8.604765
9.325504
8.573294
8.411169
8.116007
8.798122
8.696556
9.343386
8.737803
9.467363
11.059761
11.252165
8.785963
10.784626
8.548975
10.153532
9.998798
10.151148
9.869337
9.869814
8.872271
9.732723
8.955717
9.220362
8.785009
10.262728
9.805918
8.659124
9.697437
10.600567
9.241581
10.300875
9.724855
9.405136
9.488344
9.490490
8.677006
9.594679
10.880709
9.067297
10.284662
10.887384
11.745930
10.461330
9.632111
8.884668
11.341810
9.385586
9.971142
12.249231
9.237766
9.703636
10.090351
9.756565
10.038614
9.301424
9.250879
8.697748
9.635448
11.091232
9.744406
9.428978
10.390759
10.720730
9.318352
10.676384
9.809017
8.526087
9.185314
8.825779
9.019136
9.386301
10.692358
9.425640
8.956671
10.439634
8.815050
9.337902
11.199236
8.862495
17.824888
19.127369
8.392334
9.159327
9.634018
9.896040
10.323524
9.930849
10.109901
12.315750
10.594130
10.089159
9.508610
10.097265
9.006977
8.587837
8.908987
8.881569
9.514809
8.733511
19.033194
9.048700
10.423183
9.312630
8.635283
9.625435
9.859562
10.533571
8.609295
9.710312
9.104490
8.476734
12.668371
19.763708
11.771202
9.116411
9.747028
11.147499
11.880159
9.767056
8.512259
10.974407
8.882046
8.397579
10.084152
11.283398
11.112213
10.543585
10.081530
9.161949
9.423494
11.997938
8.758545
7.774830
9.816170
9.652615
7.937908
8.234739
9.780884
9.735823
10.014534
8.521080
9.164810
9.288311
8.977890
8.084774
8.118868
9.432793
8.601189
9.684801
7.081747
10.074139
9.927511
9.901762
9.624720
10.691881
8.367538
10.405540
12.326002
11.494398
9.249926
10.356665
10.824203
8.882761
10.957003
11.120558
10.372877
10.867119
9.982109
8.530617
9.435177
9.209871
9.578705
9.465456
9.938478
10.093927
9.643793
9.228468
8.786678
11.101007
9.141445
8.435965
9.841204
9.989500
8.899689
8.509159
9.630442
8.264303
9.290218
8.406639
9.819746
8.694172
8.289099
8.123875
7.916927
10.307789
8.180380
9.453535
10.385036
8.726358
10.151148
10.403633
9.032726
9.728670
8.942366
8.811474
8.773088
9.234905
10.152340
8.132458
10.684013
10.564089
10.771513
10.284424
10.173559
10.662794
9.869099
8.683205
10.101557
8.245707
9.674311
10.871410
10.487795
9.060144
8.601189
8.894444
8.605480
9.030342
8.038759
8.601189
9.631157
9.140730
8.978128
9.136677
9.314299
10.610342
8.268595
10.727882
9.961843
8.400202
10.719061
10.005951
9.496450
10.021448
9.678125
9.875059
8.242607
11.156082
9.739161
9.032726
7.979393
10.066271
9.382963
9.393454
8.058310
8.672476
9.036303
9.308338
8.823395
11.787891
8.812189
10.425091
8.352757
9.434223
8.059025
9.140968
8.177757
9.049177
8.517265
8.497477
8.788824
9.077072
10.699749
9.085178
9.811401
9.391069
9.395123
9.481192
9.381294
9.688616
9.741306
8.176565
8.409262
8.562326
9.886503
9.181738
9.003401
8.330584
9.069204
10.995150
9.553194
7.820129
7.821560
9.680033
8.675575
12.673140
11.110306
11.354923
11.571646
11.259794
12.036800
11.558056
8.943796
9.597540
9.743929
11.062384
9.029150
8.744240
8.578539
8.891821
9.835243
8.506775
8.381128
8.945704
8.475065
7.993460
10.251999
9.547949
8.453608
8.110523
9.005308
9.499073
9.914875
9.371758
9.848118
9.587526
8.458614
8.191824
10.349035
9.865046
9.243250
11.695385
11.129141
11.420727
11.021614
11.419535
13.279200
13.674498
14.147282
11.028528
14.588594
10.918856
11.136532
11.129141
12.183666
11.349440
11.531591
9.953976
9.623528
19.995451
8.892298
8.930922
8.930206
9.801388
9.449005
8.366585
9.204388
9.003639
9.923935
9.457350
8.619308
10.565996
9.280682
8.744478
8.184433
9.319305
8.855820
8.342981
9.152174
8.110762
9.808779
9.325266
9.068251
8.383512
10.146618
9.341002
10.347366
9.706736
9.495258
9.486675
8.664131
10.030985
10.642052
8.203030
8.562088
9.025812
8.615255
8.433342
8.767128
9.950399
8.130074
9.321928
9.754658
9.516954
9.301662
9.070396
8.905172
9.620667
8.772135
8.835793
8.021593
9.019136
12.722015
8.545399
10.553598
8.790255
7.993937
9.336948
11.195421
8.884192
10.532856
9.959459
10.056973
10.269165
10.585070
8.481264
10.625839
8.631706
8.944750
8.871794
9.593487
9.331942
8.535385
9.197235
9.038448
9.167194
8.531332
8.547783
9.202480
9.316444
8.675337
8.922577
8.946180
11.238813
8.862972
8.852959
9.142399
9.402752
8.863449
9.259224
9.901524
7.197857
10.955572
8.879185
9.475708
9.923458
9.528160
9.342194
9.551764
9.394407
10.549784
8.463144
9.013653
8.967638
8.727551
9.348154
9.987116
10.162354
10.556936
8.513212
9.278774
12.754679
13.739109
8.670807
11.241198
9.272575
8.300066
9.524822
8.758307
8.068085
8.681297
8.796930
8.324385
8.025885
7.954597
7.699013
8.866072
9.349346
9.343386
9.162664
9.348631
9.123325
7.859468
9.444714
9.592295
8.459568
8.834839
9.460211
9.305000
9.955645
8.535624
9.923458
9.928465
9.171009
9.439468
8.003712
8.897305
8.764744
9.369373
8.418083
8.364201
8.882284
9.986162
9.470463
9.062767
7.818222
9.078741
8.683681
8.876562
11.371136
10.703087
10.505915
10.171175
9.421587
10.378838
9.409904
9.913206
9.047747
10.343552
9.433031
8.250952
8.770227
9.649754
9.497881
9.439230
8.632421
10.163784
10.157108
9.620190
8.976936
9.989262
10.323524
10.383844
9.169340
8.633137
10.659218
9.536266
9.519339
10.463476
10.047674
9.401083
9.021282
8.455992
7.972002
9.516478
7.918596
8.556604
8.724689
9.618998
9.984016
8.716583
9.264946
9.168386
8.651257
8.489370
10.118961
9.356499
9.223223
8.912802
10.279179
8.772612
8.746147
9.048223
8.863926
8.203030
9.463787
8.706093
8.626938
9.610653
9.989977
9.101152
8.472919
7.690668
8.639336
9.260654
8.726358
8.939981
7.752419
9.539604
8.477926
10.118961
10.129213
8.624077
8.997917
10.115147
8.462906
8.486509
11.225700
10.736704
8.468628
8.295059
9.008169
8.898735
9.066343
9.082556
9.248257
12.540102
10.068655
8.647442
9.803772
9.171009
10.031223
8.831501
9.316444
8.768559
10.717630
10.080099
10.088444
11.707544
10.255337
9.905815
10.225534
10.740995
9.224892
7.823944
7.264614
10.101080
9.037495
9.331942
8.941412
9.557247
8.189678
8.138180
8.883238
9.190798
10.559559
9.089947
10.334730
9.786367
8.227348
7.871866
8.968592
10.884047
9.936810
10.671854
9.642124
8.520365
9.378195
8.449078
9.028196
9.840727
8.791924
9.678602
8.433819
8.322954
8.557796
8.751631
8.773804
8.967400
10.645151
9.208202
9.706736
11.184931
10.059357
9.357452
10.287046
9.026527
10.724783
10.392189