19.352913
19.332409
13.081074
11.550188
12.860537
10.719776
9.650946
10.861874
10.105371
10.484219
8.851767
10.672808
10.130167
9.443045
11.936665
9.695053
10.475159
11.839390
9.648561
9.703875
11.117458
9.992123
9.254456
9.532928
8.551359
8.778572
8.677483
11.255980
9.146690
8.623600
9.116411
8.481264
9.504080
9.806156
8.984089
10.232925
9.806395
10.841370
8.037567
9.553432
12.070656
11.941195
10.546446
9.438038
9.372711
8.167267
9.497881
10.457039
11.627674
9.980917
11.434317
10.854244
9.124279
10.454178
9.351492
10.871172
10.275126
8.301497
9.570599
9.402990
8.502245
10.658503
10.368824
10.352135
10.138988
9.825945
9.237051
9.699821
11.020184
10.072470
8.985043
9.457111
8.946896
9.258986
8.808613
7.790565
9.510279
10.306597
10.121107
9.290695
10.523796
10.443926
8.811951
9.787321
9.763002
10.188818
8.373976
9.878397
9.665728
9.362459
10.322094
9.375095
11.202097
9.487867
9.764671
8.571148
10.983944
9.017944
9.653091
9.290934
9.666681
11.276245
11.152983
11.304617
10.642767
10.028124
9.552479
8.666992
8.342028
9.921312
10.648012
9.012938
11.448383
9.993076
10.670424
8.302927
10.539532
8.953571
8.186102
9.859800
8.304119
9.013653
10.360241
9.573221
10.607481
9.974957
9.009838
22.916555
10.886669
12.339592
10.504484
9.856701
10.007858
8.076191
10.514975
9.649515
10.580063
8.882523
10.311127
9.312153
8.024216
9.513855
9.740114
8.765459
9.065390
11.167049
10.054350
8.538008
8.888721
9.855509
11.063099
10.280609
10.148764
12.275457
10.591269
10.748148
9.974480
11.365891
10.643482
9.519100
9.607077
10.782957
9.537458
12.091637
10.043621
11.715174
11.183500
10.076523
9.167671
7.501125
10.526657
10.557652
9.351492
9.856462
8.780241
9.549141
8.662462
8.885145
8.971453
8.966208
13.682127
8.936644
9.940386
11.819601
10.289431
9.859800
9.423971
10.250330
11.729717
10.063648
9.793520
9.381771
10.800123
9.632587
9.404182
9.082556
8.952618
9.771109
10.363102
10.987759
9.795427
10.020733
10.335207
9.912491
8.689642
11.193991
10.156393
10.549307
11.525154
8.890867
8.632898
10.428667
8.831024
10.915995
10.694742
10.795355
9.805202
8.871794
9.570360
10.383606
10.112762
13.020039
19.719124
13.292074
10.258198
10.571480
9.954453
8.352995
10.794640
8.713484
10.818481
9.153366
8.544922
12.140512
10.732174
8.955002
9.781122
9.272337
9.577751
10.010719
11.550188
9.686232
10.453701
10.296583
9.919643
10.583162
9.256601
9.839535
10.558605
10.428667
9.970427
8.611441
10.555983
10.485649
8.550167
9.381533
10.376453
11.088133
9.215355
10.257483
10.226727
9.929895
9.687185
10.993242
9.845018
9.336233
10.574341
10.810852
11.468649
10.678291
9.801626
10.009527
11.172771
7.719517
11.129141
8.813620
9.942055
10.339737
9.967566
9.025574
9.762287
9.321928
9.351015
10.495663
10.720730
10.433197
8.335352
8.469582
10.844469
9.751320
10.766983
11.393547
9.984255
11.383772
8.928299
11.230469
8.973122
9.819031
11.466980
10.545015
10.433674
9.606361
9.793520
8.168697
9.007215
8.863211
11.106014
11.022806
9.638786
8.392334
9.354591
8.981943
8.137226
10.753155
11.795998
11.874199
10.551691
10.460377
10.187387
8.764744
10.309219
12.489796
12.669802
12.971163
12.713194
11.528730
13.102293
10.451794
11.306286
13.765574
11.666775
11.119604
14.478207
9.457827
9.908438
10.608435
8.788109
10.671139
13.415337
12.531757
12.311697
11.586666
12.077093
10.868073
14.132500
12.531519
13.036013
13.115644
11.665106
10.787487
11.284590
12.284040
10.358572
10.157824
9.828568
9.882927
9.414673
12.606621
10.304689
8.239508
11.243343
8.844852
10.072470
9.464741
10.226965
9.652376
11.400223
12.278080
10.356426
9.527445
10.953665
8.974552
11.635542
11.143923
7.758617
10.272026
10.583878
10.549068
10.315180
8.560896
9.645462
9.595156
1758809.794903
1758895.137787
1758984.385252
1759073.708773
1759162.403107
1759253.123045
1759348.476648
1759443.648338
1759533.967972
1759629.854202
15.333176
14.272213
10.371923
10.506153
9.692430
9.040117
9.499073
8.630514
11.315823
7.847786
9.290218
9.554625
9.129763
9.430647
9.039879
9.828329
10.687113
8.308172
7.740736
8.996010
10.165215
8.282900
7.995367
8.742809
7.973909
8.320093
10.271072
10.534763
10.699272
8.929253
9.375811
9.456396
11.242867
9.996653
11.869192
10.842800
9.343386
10.890484
8.653879
9.524822
9.129047
10.906696
9.167910
9.554625
10.050535
8.752346
9.583712
9.224176
9.478807
11.214018
10.066271
10.295391
9.293079
11.444807
9.862423
10.446072
8.672476
8.692026
11.383533
9.333611
10.884523
10.802984
10.025740
8.343458
10.953188
10.310888
11.032104
11.178255
8.833408
9.712219
8.964777
10.463715
9.647131
10.997534
10.600328
9.094000
10.063648
8.847237
8.063793
11.759043
12.118578
13.394356
13.119459
11.767387
12.289047
11.518478
8.991957
8.835554
8.994579
10.408878
9.364605
7.006645
9.723186
9.058475
10.632992
8.911371
9.808064
10.856152
10.620594
10.113239
9.878397
9.025097
9.366512
10.937214
10.872126
9.580374
9.792805
9.648085
7.865906
10.398626
11.053801
10.043144
9.291649
10.373354
9.541512
7.463217
7.570982
8.434296
9.947062
9.716988
8.957148
9.732962
10.066748
10.268450
9.379148
10.029793
10.952711
10.464430
10.494947
9.568214
8.973837
8.627892
10.244846
10.375738
9.963274
12.554407
16.482830
14.819860
15.514851
13.337612
9.215832
9.637117
9.323597
8.718014
10.635853
9.351254
11.774540
10.270357
9.559393
9.855270
10.282755
9.425640
10.329962
10.118484
10.464668
10.056496
9.638548
10.170221
9.070396
12.356043
11.239767
10.305643
11.411905
12.197256
10.018587
9.666204
9.770632
9.781122
9.432316
8.785963
9.535313
9.241104
9.024858
8.782148
9.806633
10.905027
9.800911
9.783030
9.917498
10.108232
10.223866
10.105133
11.310101
11.060476
10.410786
9.717941
9.553194
12.027025
9.916782
9.598255
10.390759
9.772301
11.080265
8.922815
10.909319
10.926247
10.788441
10.304928
9.501219
11.476994
8.972883
8.994341
8.982897
8.899212
10.673761
10.579824
9.196281
9.994507
11.107206
9.420156
12.513161
9.648085
10.656595
11.090040
8.880854
9.314299
9.916306
10.217190
12.103081
9.742260
12.173414
15.612125
9.674311
10.171175
9.948015
10.417700
9.413958
9.100914
8.587360
9.456873
9.782791
8.671045
9.734869
9.227514
8.370876
10.344744
9.397030
9.320021
10.064602
10.314465
9.757996
10.056257
10.201454
9.356022
12.273788
10.485411
9.509087
10.901213
9.748459
9.304762
9.860992
10.402679
10.591984
9.613752
10.307550
9.989977
10.872841
10.777473
10.163069
16.080379
9.785652
9.186268
9.166002
10.165691
9.934902
10.469913
10.201216
9.562016
9.030581
9.362936
20.810366
9.505987
10.036230
11.957884
9.379148
9.687424
10.499001
8.775473
9.532213
10.061741
10.729551
11.377096
9.893894
9.486437
10.928631
11.601925
10.683060
9.684086
9.638548
11.256456
9.343624
9.656429
11.116743
10.348082
11.049986
9.028912
10.674477
9.952307
10.894060
10.776043
10.244370
9.964466
10.656595
9.572744
10.326147
8.823156
9.695053
10.881662
10.172367
10.144949
10.924101
10.577440
9.609222
10.675192
9.243250
10.503292
10.826111
10.886669
10.235310
8.783817
10.830879
10.195971
10.383368
11.150599
12.291908
10.023594
9.774446
10.213375
9.240389
10.890961
8.929968
8.953094
11.023521
10.347366
9.864330
10.296106
9.428263
10.079145
11.435032
9.917974
9.740353
9.030581
8.754015
9.764433
10.493517
10.497332
11.273384
8.929491
9.371042
10.305166
8.921623
9.642601
9.231091
10.092258
10.852337
10.991335
9.196281
8.779049
7.811785
9.118557
10.360956
10.749578
10.491133
8.779287
10.139704
9.760857
9.448528
9.576559
9.337187
10.328054
10.729074
10.022879
11.322021
10.534763
10.028362
10.650158
10.746002
9.177685
9.525061
10.229588
11.039734
9.876728
9.843111
10.165691
9.144306
10.857344
9.014845
9.895802
10.626554
11.461973
10.276318
8.885145
9.829283
8.459568
9.192944
10.203362
8.895874
11.335850
11.799574
10.186672
9.465933
10.047197
10.453463
11.567593
10.910988
9.973764
8.900404
8.823633
10.557175
8.441687
11.222839
10.452509
11.644602
9.491444
10.627985
9.705782
9.434462
10.480881
11.023045
8.992434
9.322882
9.571314
9.687424
11.913061
10.801077
10.160923
9.004354
10.938406
8.914471
9.109497
9.433985
9.561777
9.635210
10.470867
9.495258
9.358406
9.976864
8.936167
9.810925
10.678291
10.957479
9.556055
10.397434
11.137486
10.410070
9.465933
9.142876
9.750843
9.787321
10.254860
11.189222
10.135889
10.418177
9.786606
10.186672
8.905411
10.978699
9.459257
9.700060
10.115623
10.045767
10.132313
9.977341
9.451151
9.719849
10.243177
9.087086
10.546684
10.652542
11.862993
11.371613
18.097401
18.874884
12.996435
13.373137
12.899637
11.514664
12.940407
11.420488
15.977859
16.078711
16.824245
10.555983
15.204906
10.153770
10.196686
9.871244
10.116339
10.963440
10.689020
9.026527
9.627104
8.706331
10.327339
10.437489
10.073423
9.552479
9.772062
9.913683
9.217501
9.550095
9.692430
10.027885
7.388353
10.772228
9.224653
10.824680
7.847786
8.619308
12.035131
9.191751
12.331009
8.927584
10.941744
10.171652
9.659052
9.541750
7.372379
10.401964
10.342121
9.816170
10.368109
10.623217
9.350538
7.976055
8.599043
9.421825
9.099483
10.830402
10.496855
9.274244
10.431290
9.293318
9.167910
11.724710
11.006594
10.730028
9.496212
11.258364
10.227680
7.768631
8.671522
10.094166
12.301922
9.700775
12.740135
9.998083
9.912252
9.990692
9.154797
10.186672
8.113861
10.791540
7.912397
9.982109
10.200500
8.846998
9.453773
7.604361
11.701345
11.195898
11.428118
9.923220
8.933306
10.955334
10.577917
10.173559
9.618282
10.447979
10.786057
9.871244
9.891510
8.585453
10.508537
9.361506
11.810064
11.966467
11.647224
11.196136
10.424137
8.799076
7.660866
9.342670
9.001970
10.517597
9.482622
8.595228
9.362936
11.216879
10.864735
11.482954
9.833813
8.780956
9.331942
10.994673
8.708477
14.769793
11.077642
11.086941
19.397259
9.567022
10.371208
9.958029
12.024403
10.438204
10.709047
8.829594
8.628607
8.449793
10.415077
10.099888
9.030104
7.415295
8.521318
9.360313
9.970427
10.539055
11.155844
11.420250
9.760380
9.860277
10.950804
10.706902
9.697676
10.846853
8.424520
8.598328
10.092735
11.069059
9.996653
9.953022
9.640694
8.528948
12.098312
11.265993
10.650158
11.624813
10.895729
10.520697
9.071350
11.205912
10.544777
9.754181
9.878874
9.620667
9.037733
9.699106
9.107828
8.854389
8.835316
8.656979
10.958910
10.715723
10.771275
13.095856
10.525703
10.574341
9.911776
9.463787
8.337975
8.299112
7.738113
9.433031
10.534286
14.697313
7.764339
7.970810
12.166262
10.092974
9.357452
10.899782
10.880709
9.229898
9.786844
8.341074
8.425951
8.085966
8.640528
7.887125
9.682655
10.548115
9.490252
9.592772
10.080814
10.779381
7.597685
9.511232
8.987665
10.652542
11.526585
9.753227
11.085033
9.530783
10.300159
9.911537
10.648489
8.889914
9.516478
9.335041
8.730650
10.903835
10.427475
9.047985
10.658026
9.318352
8.664608
10.779142
10.018110
8.315802
11.716604
10.478735
9.460926
8.462429
9.836674
9.243250
10.252237
10.088444
9.600639
10.946989
10.583162
10.168552
9.017706
10.320902
10.579824
9.254456
11.688471
9.173155
9.080172
7.376909
9.654284
7.493734
11.286974
11.570930
9.799242
9.229183
11.167526
9.511948
9.349346
7.326841
8.594513
7.644892
11.771441
10.775089
11.454105
9.418964
11.113882
11.262894
8.821487
9.401798
12.535334
9.906530
9.594679
8.442163
7.030249
7.643461
11.027575
9.271145
11.805058
10.344028
10.596037
8.956671
8.864164
9.014130
10.533571
10.497808
10.979414
11.055231
11.057138
10.180950
8.868933
8.134365
10.293007
11.265039
10.385275
10.528326
11.007071
9.457588
8.745432
8.645296
10.699511
10.043859
10.408640
11.243582
10.305643
9.164572
9.737968
9.587526
10.169029
10.700464
11.321306
10.055780
9.227753
9.114027
9.291649
8.782148
9.456873
9.044409
10.732889
13.473511
8.303404
11.386871
10.020494
10.169506
8.082867
7.852554
9.008884
9.055138
11.642456
10.113955
9.808064
10.063887
9.709835
10.352850
9.095907
10.777712
8.654118
9.696960
9.564877
10.709524
9.524345
9.822607
10.694027
8.752108
9.870291
8.415461
9.494543
11.247158
10.208368
11.696339
10.356188
10.174036
9.650230
8.540392
9.985447
10.756016
10.738134
10.836363
9.313345
9.529352
9.373903
11.240959
10.374784
9.375095
9.990454
9.376049
9.615421
8.903265
10.480404
9.668350
10.101795
11.621714
10.514021
11.797667
10.678053
9.580851
10.011911
9.399414
10.587215
8.844852
10.732174
9.068727
10.483265
10.321617
9.789944
9.926081
8.569717
9.609699
10.991573
10.673523
10.626078
9.496927
9.664536
9.003401
9.577036
11.453867
10.035992
8.708239
10.575771
9.025335
8.492470
9.862423
