0.039474
0.019587
0.009057
0.028844
0.005380
0.012794
0.007174
0.012042
0.006653
0.028813
0.005951
0.015650
0.003727
0.013225
0.005390
0.008165
0.006312
0.007254
0.004318
0.017292
0.006452
0.008546
0.004128
0.023033
0.008275
0.011231
0.005450
0.020097
0.003787
0.024045
0.008046
0.014307
0.004979
0.025338
0.005200
0.021180
0.008316
0.011131
0.006041
0.023974
0.009928
0.017974
0.003988
0.027241
0.007083
0.023083
0.004569
0.018044
0.006372
0.020318
0.008085
0.018755
0.007174
0.027332
0.004359
0.018264
0.006763
0.016060
0.007354
0.018034
0.006793
0.017844
0.004698
0.018404
0.004258
0.018455
0.004619
0.009037
0.004408
0.017783
0.004458
0.009127
0.003597
0.016080
0.004568
0.025187
0.008416
0.018795
0.006372
0.011141
0.006742
0.017173
0.006271
0.011702
0.003957
0.014728
0.005000
0.020969
0.007264
0.011782
0.004168
0.016661
0.006402
0.012884
0.007724
0.010199
0.005410
0.023103
0.007564
0.009688
0.008266
0.017923
0.006342
0.008546
0.004588
0.027632
0.004398
0.027662
0.007925
0.012182
0.004649
0.018645
0.004719
0.016321
0.003567
0.015109
0.004478
3.329532
0.004468
0.022903
0.004608
0.020598
0.005641
0.029486
0.005791
0.015239
0.005460
0.008807
0.003646
0.017472
0.008296
0.013215
0.003848
0.020719
0.007835
0.014817
0.004850
0.017132
0.007233
0.019016
0.005790
0.017733
0.006973
0.011532
0.006101
0.022723
0.009928
0.014697
0.003917
0.026119
0.008185
0.010560
0.003777
0.014738
0.005551
0.018705
0.008215
0.009147
0.005240
0.017472
0.005039
0.011691
0.004278
0.016331
0.008095
0.019766
0.004989
0.014998
0.007614
0.014958
0.007654
0.010169
0.003827
0.024516
0.006612
0.023193
0.006623
0.023214
0.005721
0.019677
0.008466
0.020638
0.005099
0.022582
0.007183
0.015809
0.008356
0.009017
0.005941
0.020629
0.005691
0.013775
0.004869
0.016681
0.007995
0.013947
0.004548
0.020999
0.004177
0.010129
0.003616
0.015419
0.009508
2.683634
0.004178
0.013175
0.004038
0.021090
0.005079
0.024015
0.007895
0.011862
0.004228
0.025387
0.007264
0.018795
0.005871
0.020228
0.006241
0.012503
0.019226
0.016100
0.006141
0.008766
0.005320
0.007885
0.003577
0.014467
0.007083
0.008325
0.005180
0.022051
0.005340
0.011081
0.003707
0.018034
0.005581
0.012273
0.005259
0.025598
0.005279
0.019256
0.003537
0.022882
0.005791
0.019307
0.005931
0.018995
0.003857
0.010470
0.005340
0.015209
0.006412
0.022291
0.004668
0.010249
0.007734
0.021180
0.005831
0.015509
0.004999
0.014707
0.006242
0.010971
0.004648
0.007083
0.004488
0.025067
0.004469
0.009728
0.004007
0.025909
0.006301
0.020108
0.007494
0.021920
0.006653
0.015308
0.007364
0.023344
0.006763
0.012463
0.005841
0.017804
0.006812
0.008045
0.004969
0.016551
0.004459
0.013415
0.005851
0.013044
0.004338
0.010770
0.004809
0.015398
0.007454
0.015399
0.008446
0.010350
0.004248
0.029735
0.005660
0.019647
0.006713
0.017543
0.005630
0.018344
0.006762
0.012343
0.007093
0.013245
0.003667
0.015058
0.004769
0.006923
0.004529
0.020158
0.006532
0.017172
0.003176
0.017673
0.006122
0.014477
0.004368
0.010200
0.004248
0.017683
0.006352
0.007113
0.005059
0.015379
0.008656
0.013795
0.004077
0.023513
0.006132
0.008657
0.004257
0.017212
0.004939
0.017313
0.008887
0.010931
0.005741
0.014668
0.006723
0.010791
0.004659
0.017112
0.006272
0.017233
0.006793
0.017673
0.006702
0.013786
0.005390
0.014708
0.003877
0.027141
0.003206
0.018084
0.006281
0.018634
0.006151
0.016401
0.006923
0.011332
0.008276
0.015018
0.003697
0.012373
0.004328
0.015449
0.005360
0.015229
0.007264
0.014256
0.007714
0.026189
0.004197
0.023524
0.003606
0.015529
0.005450
0.017803
0.008406
0.012604
0.003857
0.022863
0.005330
0.018535
0.007143
0.009828
0.005190
0.017964
0.009769
0.006221
0.003998
0.009508
0.009318
0.020328
0.003376
0.009989
0.005430
0.011762
0.006482
0.020499
0.007895
0.010459
0.007013
0.014617
0.003727
0.016381
0.005280
0.025608
0.004558
0.013876
0.008676
0.017513
0.003927
0.013876
0.005740
0.020999
0.005099
0.016831
0.006562
0.017292
0.003968
0.024957
0.006202
0.007825
0.007184
0.027972
0.004999
0.014247
0.006803
0.014787
0.004929
0.021781
0.005861
0.014667
0.006132
0.020889
0.009227
0.016501
0.009768
0.012533
0.005210
0.015228
0.004729
0.013625
0.003817
0.014247
0.005119
0.023173
0.004047
0.008426
0.006051
0.029355
0.004148
0.016240
0.004558
0.030267
0.006462
0.010370
0.007183
0.020328
0.008246
0.015098
0.007795
0.015870
0.004258
0.024846
0.006593
0.008646
0.003967
0.015499
0.005180
0.023384
0.005881
0.026770
0.005941
0.026390
0.003677
0.008255
0.004388
0.018314
0.004318
0.008226
0.003386
0.015630
0.003557
0.025608
0.007715
0.026850
0.005069
0.018284
0.004248
0.013906
0.006392
0.021430
0.008185
0.015659
0.004899
0.013455
0.004668
0.019096
0.007815
0.007144
0.008265
0.023274
0.005550
0.028172
0.004969
0.015008
0.007094
0.029405
0.004990
0.013436
0.004459
0.020759
0.003336
0.020729
0.004889
0.006102
0.004618
0.017363
0.008275
0.013806
0.008065
0.008656
0.005721
0.022742
0.005861
0.010881
0.006162
0.006131
0.008155
0.014457
0.003517
0.016150
0.003847
0.028202
0.006242
0.016140
0.005089
0.012043
0.004619
0.027872
0.005009
0.015709
0.009448
0.007805
0.005260
0.019086
0.005981
0.014517
0.005220
0.014356
0.003686
0.015168
0.005290
0.016741
0.004518
0.008195
0.004338
0.008315
0.005320
0.014117
0.004839
0.026861
0.006753
0.016821
0.005230
0.014407
0.009919
0.009678
0.003487
2.158664
0.019135
0.006001
0.018324
2.391709
0.021971
2.452713
0.017463
1.927733
0.016331
3.531499
0.018965
3.034511
0.019948
0.008516
0.022071
2.195934
0.029155
2.467511
0.018244
2.439760
0.016802
2.511052
0.020057
2.317942
0.017523
2.501273
0.018554
2.259632
0.019386
1.907635
0.019296
2.862850
0.025177
2.108871
0.017032
4.378181
0.022071
2.305358
0.017924
2.188460
0.019306
2.797126
0.032200
1.868171
0.023975
2.601231
0.019146
2.560455
0.018775
2.459646
0.019647
3.045201
0.031379
2.394965
0.018755
2.854625
0.019737
2.350543
0.026279
2.604957
0.019015
3.214667
0.016531
2.494712
0.017423
2.155457
0.021380
2.023612
0.016962
2.258401
0.016721
2.504911
0.022001
2.546128
0.020348
2.655933
0.020378
2.359719
0.019596
0.003947
0.019046
1.964060
0.016391
2.371241
0.019997
2.472190
0.023344
2.045633
0.020008
2.489362
0.020899
2.641737
0.025759
2.843303
0.018835
2.060260
0.018354
1.680530
0.026269
2.301881
0.021390
2.825090
0.025428
2.466589
0.018374
1.980531
0.018384
2.295870
0.019006
3.230647
0.019767
2.779404
0.018194
3.089122
0.017022
3.307170
0.025708
2.129820
0.019557
2.818427
0.022282
2.766940
0.020147
2.892134
0.034775
1.525861
0.018835
2.209699
0.018194
2.628892
0.019557
2.073505
0.017112
2.542160
0.030878
2.502687
0.019997
2.979588
0.019667
2.764226
0.022852
2.303895
0.021971
3.018401
0.028513
3.142833
0.016541
2.554494
0.018114
2.241268
0.017854
2.721075
0.045885
2.235938
0.018685
2.318433
0.020228
2.321358
0.028063
2.139808
0.015098
2.593576
0.015589
2.752774
0.025247
2.555806
0.019396
2.661032
0.017222
2.583217
0.020037
2.474715
0.017412
2.606882
0.020809
2.731745
0.020839
2.501875
0.009179
2.661223
0.013535
0.008298
0.024071
2.392208
0.018509
4.681629
0.028022
3.907784
0.015966
2.144317
0.028752
1.984907
0.015085
1.858464
0.019623
2.379808
0.018834
2.371427
0.020092
2.592601
0.035136
2.589627
0.017623
2.793258
0.020183
4.135671
0.017735
4.667989
0.018878
3.793449
0.017552
2.465200
0.023066
2.521277
0.018352
2.483582
0.018939
1.617146
0.022308
2.816831
0.021624
2.830705
0.033496
2.596258
0.035810
2.192560
0.031243
2.081279
0.017582
2.140108
0.022583
2.697638
0.032920
3.093484
0.019198
2.417953
0.017117
2.766097
0.018350
2.440284
0.018310
2.536825
0.019309
2.628537
0.018794
2.543536
0.019370
2.488595
0.019178
2.649209
0.020450
2.614678
0.019764
3.429917
0.025830
2.497993
0.018260
2.466410
0.023761
2.641255
0.020834
3.234820
0.018949
2.229893
0.030627
2.556731
0.019010
2.652946
0.018223
2.392647
0.019725
1.578822
0.019634
4.140332
0.017123
3.651368
0.030718
2.492624
0.016831
1.585336
0.021419
2.232627
0.015366
2.615367
0.018782
1.553473
0.018964
1.946860
0.022420
2.383815
0.020606
2.968731
0.020556
2.163478
0.032486
2.278872
3.183556
3.763474
0.031216
1.929397
0.019054
2.466138
0.011376
2.559333
0.017933
2.715209
0.025072
2.624306
0.023400
2.749866
0.023632
2.013205
0.019685
2.755203
0.025022
2.574413
0.016221
2.006348
0.020642
2.346611
0.019674
1.824491
0.017782
3.107821
0.019433
2.594058
0.018979
2.218204
0.018867
2.361347
0.016805
2.700642
0.019702
2.326328
0.020860
2.690921
0.018878
2.151749
0.020960
2.052601
0.016614
1.888206
0.016896
2.740279
0.021927
2.430105
0.016905
2.711315
0.029186
2.060740
0.018174
2.059645
0.019270
2.424753
0.031449
2.812369
0.020054
2.523987
0.019571
2.603631
0.018405
2.384212
0.017309
2.179898
0.020406
1.531749
0.015518
2.709523
0.029025
2.233470
0.020899
2.949062
0.018728
2.555651
0.019954
2.525071
0.013601
2.531424
0.017924
2.787651
0.017049
2.744797
0.021814
2.723908
0.019140
2.911135
0.018969
2.472014
0.016697
3.011066
0.023985
2.405665
0.017947
2.485678
0.019372
2.954830
0.017664
2.560167
0.019021
2.500781
0.012962
2.659433
0.019152
2.723238
0.019765
2.675319
0.015826
2.241115
0.024207
2.055645
0.020709
1.906784
0.017498
2.450966
0.018100
3.099291
0.016362
2.546631
0.026478
2.776229
0.030314
2.552668
0.016544
2.167851
0.024960
1.595875
0.020983
2.224583
0.019798
1.567730
0.021013
2.642818
0.020655
2.633182
0.020213
2.082196
0.015885
3.140941
0.023587
0.016644
0.025491
0.033875
0.022080
0.018826
0.016919
0.017468
0.020344
0.019039
0.015508
0.030553
0.023324
0.021108
0.021347
0.014632
0.014171
0.017988
0.018088
0.023037
0.023990
0.016023
0.015332
0.017516
0.016234
0.015461
0.015421
0.023347
0.021964
0.015431
0.016994
0.016022
0.015431
0.021462
0.015791
0.023887
0.015601
0.016031
0.017574
0.018036
0.026652
0.014338
0.026702
0.019598
0.014248
0.016142
0.014157
0.015852
0.016414
0.016273
0.028467
0.018859
0.023167
0.026955
0.022174
0.019159
0.023187
0.014790
0.018878
0.018418
0.020241
0.021513
0.017485
0.019670
0.019199
0.017776
0.016614
0.024439
0.016714
0.006493
0.004218
0.019850
0.004309
0.016614
0.005111
0.017515
0.005090
0.007616
0.002546
0.013868
0.005771
0.019690
0.008286
0.010321
0.004709
0.017986
0.004930
0.014188
0.006684
0.015972
0.003978
0.007916
0.005330
0.019309
0.003366
0.020582
0.003918
0.027395
0.006122
0.019169
0.004769
0.006723
0.004550
0.019329
0.002966
0.005361
0.003968
0.007034
0.004559
0.004709
0.006183
0.006042
0.007154
0.019740
0.014379
0.017726
0.019449
0.020261
0.020161
0.016413
0.017715
0.018908
0.022114
0.026473
0.016313
0.016984
0.018046
0.027224
0.017144
0.017064
0.016553
0.015531
0.017795
0.014960
0.017014
0.020681
0.023026
0.014739
0.019309
0.019178
0.020251
0.021002
0.017846
0.005390
0.015210
0.004519
0.014418
0.008026
0.015781
0.010370
0.009158
0.005802
0.028697
0.006874
0.016473
0.003917
0.013908
0.004018
0.006894
0.007545
0.019850
0.003588
0.008687
0.004619
0.006373
0.003397
0.006363
0.005601
0.016222
0.004549
0.009860
0.003327
0.005551
0.004409
0.006272
0.004780
0.015671
0.003237
0.007394
0.004899
0.010551
0.004639
0.020200
0.003677
0.006393
0.004359
0.015030
0.004529
0.014840
0.005471
0.016452
0.004378
0.026232
0.002716
0.012805
0.003978
0.024949
0.004268
0.017905
0.003687
0.007065
0.003537
0.010481
0.005091
0.023527
0.004398
0.007775
0.004288
0.005401
0.004459
0.014809
0.006733
0.005030
0.004880
0.019188
0.003977
0.008497
0.003386
0.005621
0.004388
0.016402
0.003506
0.008707
0.004409
0.009208
0.003858
0.015741
0.003056
0.004990
0.004900
0.006733
0.004018
0.017284
0.005070
0.007034
0.004228
0.010622
0.006423
0.025932
0.003146
0.009519
0.003487
0.005761
0.005882
0.019779
0.003717
0.011973
0.003287
0.009950
0.004438
0.020932
0.003657
0.010661
0.004138
0.028537
0.003908
0.014339
0.003587
0.008386
0.006924
0.023046
0.003286
0.006393
0.004349
0.005722
0.003216
0.018096
0.004689
0.005040
0.008337
0.008136
0.007164
0.010791
0.005210
0.007335
0.003777
0.018638
0.005791
0.007826
0.004579
0.007004
0.006232
0.007014
0.008647
0.006533
0.003567
0.009108
0.005762
0.011603
0.004559
0.005982
0.004489
0.017224
0.004639
0.013878
0.017164
0.021964
0.023446
0.019779
0.013967
0.018727
0.016393
0.017184
0.015782
0.030841
0.017746
0.015922
0.019780
0.016322
0.018416
0.018356
0.017505
0.025751
0.017745
0.032113
0.018697
0.016202
0.015060
0.015831
0.020491
0.024438
0.018807
0.017384
0.015290
0.019138
0.020009
0.016573
0.015540
0.016733
0.037073
0.019528
0.020561
0.015551
0.017625
0.030350
4.253063
0.018233
0.017953
0.021239
1.731058
0.020998
1.818219
0.016691
1.732832
0.016881
1.577265
0.016881
1.613111
0.021480
2.883671
0.019015
2.721232
0.018323
2.293063
0.029053
2.936318
0.016972
2.517777
0.022161
0.007163
0.017702
1.958798
0.021440
2.092073
0.019395
2.393238
0.018855
2.130714
0.007213
3.852225
0.021209
4.927015
0.017803
0.003757
0.016781
1.968726
0.018083
2.927883
0.015979
2.258129
0.017562
2.395552
0.016670
2.352493
0.017813
2.166350
0.016019
2.354717
0.027140
2.707497
0.014076
2.065645
0.023033
2.774089
0.014747
2.697519
0.015709
2.885685
0.015919
2.356430
0.013074
2.625816
0.014206
2.478555
0.006402
2.210521
0.017251
2.705673
0.016140
3.014102
0.018234
2.553603
0.017933
2.388549
0.017542
2.172120
0.015158
2.328739
0.020277
2.017416
0.015769
2.371828
0.016740
2.227543
0.017112
2.647306
0.024355
0.018133
0.017783
0.020809
0.015348
0.016640
0.019305
0.018113
0.016861
0.017412
0.020929
0.020718
0.019215
0.018755
0.020639
0.030115
0.018564
0.017372
0.015930
0.017772
0.022381
0.022071
0.015478
0.017212
0.019606
0.023784
0.020197
0.017883
0.016651
0.017663
0.018574
0.017522
0.017151
0.026379
0.016700
0.018644
0.018243
0.021810
0.024325
0.017472
0.017061
0.020849
0.016370
0.016601
0.017722
0.015679
0.018073
0.017572
0.022481
0.015148
0.017101
0.016942
0.018515
0.024355
0.016069
0.018153
0.017743
0.017512
0.017662
0.027261
0.017092
0.015920
0.017352
0.017041
0.016781
0.018294
0.015819
0.016110
0.018705
0.017973
0.025557
0.017723
0.027811
0.018615
0.016150
0.017693
0.027400
0.017773
0.021710
0.018174
0.016581
0.018114
0.016791
0.018985
0.017032
0.018434
0.018013
0.027551
0.018504
0.015969
0.017733
0.020017
0.018664
0.015869
0.019225
0.016941
0.027661
0.018213
0.018324
0.017973
0.027932
0.017141
0.025026
0.024304
0.018083
0.017642
0.017772
0.021690
0.018193
0.018113
0.021629
0.017913
0.017021
0.017342
0.015188
0.018424
0.016430
0.018784
0.018064
0.025066
0.021159
0.032210
0.016481
0.016320
0.017382
0.016400
0.021189
0.017713
0.021099
0.013725
0.015589
0.026619
0.017402
0.036878
0.018333
0.016541
0.013906
0.018123
0.018985
0.015519
0.015278
0.015799
0.020037
0.017221
0.026569
0.021419
0.017673
0.017753
0.016841
0.014907
0.018124
0.015488
0.023102
0.017072
0.018714
0.017843
0.021319
0.024465
0.021770
0.019156
0.025808
0.026679
0.016109
0.015168
0.018054
0.017212
0.020909
0.018394
0.017522
0.021279
0.018795
0.020017
0.017532
0.018574
0.018504
0.018114
0.018394
0.014907
0.028041
0.019476
3.969818
0.019746
2.002462
0.026138
2.393794
0.016751
2.567393
0.027751
2.391459
0.021760
2.399524
0.020658
2.658522
0.021269
2.374949
0.029575
2.913341
0.011932
2.873738
0.018284
2.801484
0.018535
3.292431
0.017201
2.610212
0.016410
2.702111
0.015749
2.196830
0.018274
2.709665
0.025637
2.507894
0.016521
2.521259
0.018804
2.697954
0.015639
2.242484
0.009558
2.385228
0.018334
2.835648
0.017131
1.554797
0.009718
2.326710
0.015689
2.831380
0.015468
2.615301
0.020448
2.754147
0.025557
2.016998
0.021299
2.068804
0.017673
1.954734
0.028963
3.100055
0.016460
2.158159
0.017403
2.219081
0.027130
2.404994
0.018905
2.776449
0.008906
2.232085
0.024666
2.672106
0.024405
1.832548
0.018945
2.787379
0.017262
2.793050
0.028172
2.891932
0.022602
2.338602
0.005510
2.467860
0.018334
2.738680
0.016590
2.035893
0.017823
2.947775
0.015528
1.946689
0.019906
2.370911
0.021801
2.196980
0.015709
2.286235
0.024044
0.017351
0.025307
0.020488
0.018935
0.018404
0.019646
0.018714
0.020909
0.017953
0.016079
0.015499
0.029765
0.016521
0.022111
0.020918
0.021199
0.019596
0.029184
0.014817
0.017513
0.010439
0.014387
0.006222
0.015729
0.005881
0.027861
0.003837
0.015890
0.003547
0.020588
0.004017
0.016060
0.004047
0.012383
0.004789
0.021911
0.003677
0.008556
0.003987
0.013124
0.005269
0.025587
0.003837
0.015659
0.003797
0.009909
0.004939
0.016981
0.004519
0.014366
0.005310
0.013475
0.003527
0.014477
0.004979
0.012804
0.004538
0.021750
0.004909
0.021289
0.003576
0.009828
0.004949
0.011411
0.004218
0.015609
0.003887
0.012863
0.004268
0.013044
0.004638
0.012003
0.003967
0.011131
0.005450
0.013375
0.005480
0.016250
0.004508
0.016189
0.005400
0.016239
0.006872
0.010760
0.003827
0.021249
0.003015
0.008907
0.005260
0.012293
0.006612
0.013746
0.004759
0.014617
0.003716
0.011541
0.004919
0.032750
0.004087
0.012373
0.004719
0.004067
0.004348
0.015338
0.006061
0.012012
0.004298
0.020768
0.004117
0.017392
0.004268
0.010439
0.005320
0.017853
0.006432
0.026189
0.004168
0.011401
0.004198
0.020207
0.004248
0.017422
0.004368
0.015419
0.020638
0.018764
0.026519
0.022311
0.018063
0.025247
0.017142
0.017692
0.019396
0.016951
0.020267
0.017683
0.018734
0.041196
0.016250
0.016751
0.018133
0.024795
0.017423
0.013355
0.019086
0.020908
0.016451
0.018464
0.018504
0.017924
0.016761
0.031398
0.008025
0.017753
0.009418
0.010700
0.005029
0.017772
0.004789
0.026829
0.004257
0.016120
0.004499
0.028372
0.003686
0.010719
0.004278
0.012312
0.004438
0.020027
0.003496
0.007093
0.006041
0.011792
0.006011
0.014467
0.004889
0.012764
0.005200
0.023153
0.004889
0.022992
0.005651
0.011952
0.004959
0.017593
0.005831
0.014657
0.005741
0.012473
0.003667
0.021951
0.003707
0.024796
0.003486
0.014557
0.004117
0.013575
0.004749
0.019927
0.003566
0.011191
0.005511
0.010670
0.004909
0.016290
0.004970
0.011451
0.006982
0.018765
0.004227
0.015378
0.005520
0.020999
0.004589
0.011221
0.004117
0.028262
0.004599
0.012543
0.005240
0.010599
0.008105
0.016631
0.003036
0.012603
0.003927
0.019547
0.003957
0.011742
0.004588
0.007334
0.003987
0.026589
0.004668
0.020077
0.005049
0.013234
0.006382
0.021079
0.004829
0.013314
0.004999
0.015939
0.003827
0.015409
0.007133
0.022942
0.006893
0.019606
0.004698
0.011832
0.007053
0.024505
0.004819
0.029955
0.003626
0.015068
0.004779
0.008646
0.031378
0.016411
0.017953
0.017111
0.019015
0.018034
0.015027
0.020818
0.016570
0.018894
0.020728
0.016560
0.030506
0.028052
4.857107
0.023183
4.299629
5.145549
4.840646
0.026399
2.848473
0.020959
1.653449
0.019536
1.663057
0.018283
2.169371
0.009518
2.453264
0.021820
2.344433
0.017242
2.831832
0.019947
1.956468
0.017262
2.113768
0.023644
3.077545
0.019816
2.157689
0.039172
2.462631
0.017703
2.233849
0.019125
1.683324
0.018134
2.703456
0.018033
2.710188
0.014848
2.672508
0.015338
2.374198
0.007875
2.513685
0.022712
1.796393
0.015118
2.530847
0.019076
2.362737
0.019315
0.029654
0.031619
0.025948
0.015960
0.019376
0.018093
0.005300
3.829192
0.020508
1.964442
0.015468
2.270958
0.017983
2.512774
0.016420
2.706582
0.017372
2.273953
0.016621
2.127012
0.016441
2.938048
0.021580
2.628127
0.021190
2.272210
0.023644
2.213812
0.019135
2.238128
0.029154
2.517653
0.017562
2.536367
0.017423
2.223150
0.022421
2.496925
0.018855
2.139576
0.025817
1.925130
0.018354
2.430953
0.019386
2.259938
0.025657
2.738810
0.036617
2.194226
0.021039
1.707589
0.018644
2.047827
0.026859
1.923457
0.017713
2.705439
0.021079
1.758132
0.016511
1.688845
0.023032
1.750438
0.017071
2.434419
0.015429
2.658612
0.023734
1.784821
0.025046
2.169171
0.009377
2.091477
0.023804
2.944800
0.019115
2.057043
0.009167
1.747292
0.017042
2.286076
0.013996
2.562706
0.016721
2.414553
0.015870
1.920512
0.025047
2.394896
0.018003
0.003015
0.015178
2.634548
0.018083
2.785376
0.023042
2.830460
0.020728
2.583594
0.015208
2.681135
0.022372
3.057379
0.017943
2.053376
0.014376
2.582132
0.017112
2.598603
0.009908
2.581350
0.026228
2.900479
0.019536
2.435110
0.016300
2.177936
0.023493
3.182529
0.014406
0.017703
0.016341
0.023433
0.021510
0.015839
0.019906
0.018765
0.019726
0.021419
0.015819
0.014567
0.018154
0.020488
0.021730
0.018053
0.022432
0.016550
0.020978
0.016661
0.021259
0.016200
0.019075
0.027701
0.017713
0.016510
0.034534
0.017261
0.018995
0.016340
0.015599
0.020528
0.017973
0.020768
0.015879
0.015328
0.014657
0.019526
0.015638
0.017572
0.015629
0.015679
0.015779
0.015860
0.021028
0.016931
0.016070
0.016962
0.016551
0.020628
0.016561
0.031859
0.017151
0.017392
0.021580
0.027782
0.017693
0.019366
0.015809
0.017422
0.016600
0.017943
0.014136
0.015910
0.016490
0.019947
0.016230
0.022902
0.016480
0.018684
0.026619
0.016721
0.017121
0.022542
0.017713
0.027831
0.018434
0.027762
0.017182
0.016450
0.015789
0.017222
0.016019
0.018604
0.018474
0.017352
0.016751
0.017742
0.015790
0.017222
0.020137
0.018313
0.021149
0.017242
0.016160
0.016951
0.017523
0.024275
0.017202
0.016601
0.016270
0.017873
0.016731
0.014858
0.017863
0.016260
0.017983
0.015659
0.020999
0.018303
0.023844
0.029484
0.017151
0.019596
0.020367
0.035175
0.019015
0.017142
0.016741
0.016701
0.019135
0.029485
0.016781
0.019496
0.016290
0.016932
0.019256
0.022141
0.018234
0.019235
0.016400
0.017252
0.016500
0.017963
0.016531
0.017753
0.017562
0.015889
0.017693
0.020488
0.017643
0.016611
0.017032
0.025577
0.021680
0.015689
0.018724
0.024706
0.016681
0.024665
0.031608
0.018634
0.027330
0.015779
0.017602
0.016130
0.018173
0.016771
0.019005
0.016411
0.017792
0.016200
0.020658
0.017011
0.021299
0.024184
0.019055
0.027722
0.024906
0.014697
0.019005
0.027400
0.017362
0.017221
0.018093
0.017032
0.015519
0.018694
0.018013
0.018625
0.016560
0.018795
0.015829
0.014637
0.017863
0.018324
0.015108
0.017682
0.016440
0.017843
0.018203
0.017663
0.021539
0.019416
0.016501
0.050383
0.017993
0.017853
0.027811
0.017332
0.017613
0.019075
0.017593
0.026078
0.025467
0.021390
0.016080
0.016891
0.017252
0.026499
0.018244
0.016190
0.016480
0.017502
0.017462
0.023604
0.016430
0.015368
0.017372
0.019837
0.018704
0.015659
0.016781
0.015419
0.016129
0.017413
0.018905
0.027200
0.016650
0.018134
0.017041
0.018996
0.018484
0.016551
0.019075
0.017963
0.023383
0.018765
0.015218
0.018223
0.022291
0.016360
0.016882
0.018153
0.017602
0.014277
0.016851
0.018143
0.025477
0.020858
0.023554
0.017974
0.013125
0.025077
0.015168
0.018093
0.016400
0.017241
0.018725
0.020247
0.016430
0.021409
0.017723
0.016290
0.020077
0.020798
0.017472
0.022100
0.017903
0.018314
0.017983
0.020307
0.016391
0.016982
0.015819
0.021139
0.019215
0.016401
0.017522
0.017241
0.017913
0.015609
0.022441
0.016971
0.015539
0.017032
0.015940
0.017442
0.017412
0.019556
0.018564
0.015288
0.015037
0.017964
0.018034
0.015338
0.018745
0.016330
0.016320
0.014076
0.017522
0.018444
0.019325
0.019847
0.016871
0.018744
0.018094
0.015939
0.020919
0.015879
0.019496
0.015789
0.023273
0.019025
0.022211
0.018284
0.019627
0.017192
0.017863
0.016170
0.018645
0.029685
0.016471
0.018364
0.017672
0.015779
0.015308
0.016902
0.018604
0.016610
0.017422
0.016190
0.019756
0.021359
0.015819
0.021990
0.022682
0.017012
0.019256
0.020358
0.027190
0.018374
0.024035
0.021771
0.018054
0.017612
0.017433
0.018825
0.015979
0.037910
0.015859
0.019807
0.016851
0.016731
0.017111
0.015860
0.032470
0.028182
0.018684
0.022632
0.019316
0.017533
0.019265
0.016741
0.016751
0.025998
0.019466
0.019546
0.026379
0.016049
0.022221
0.019957
0.018034
0.015979
0.015579
0.018204
0.017162
0.015258
0.016811
0.020818
0.017723
0.020307
0.022692
0.023493
0.017563
0.016250
0.022742
0.018374
0.020919
0.016831
0.017783
0.016680
0.017322
0.015799
0.014527
0.018644
0.018003
0.014677
0.017593
0.028803
0.016159
0.016711
0.022271
0.016560
0.019626
0.016460
0.016770
0.015378
0.020327
0.019646
0.019466
0.015989
0.018024
0.018695
0.018775
0.016030
0.017693
0.018053
0.016040
0.016080
0.019426
0.018273
0.018073
0.015439
0.015609
0.017853
0.021179
0.018584
0.020147
0.017663
0.017302
0.019607
0.017994
0.019105
0.026188
0.020137
0.016471
0.018454
0.015719
0.016871
0.017703
0.019646
0.026449
0.016070
0.017122
0.018905
0.019867
0.029795
0.021520
0.016079
0.016059
0.019576
0.017793
0.018053
0.018594
0.018294
0.019496
0.018685
0.017502
0.019345
0.018243
0.017001
0.016341
0.017182
0.018644
0.026729
0.015659
0.015919
0.015649
0.029765
0.017813
0.018795
0.019035
0.019375
0.027130
0.017432
0.016661
0.018033
0.019506
0.016931
0.016540
0.018725
0.025007
0.024165
0.016120
0.015258
0.016370
0.015649
0.015709
0.016320
0.014807
0.016260
0.019787
0.025026
0.030136
0.019506
0.018995
0.019135
0.019446
0.020518
0.025247
0.016781
0.020087
0.016470
0.019586
0.015819
0.017462
0.015248
0.015408
0.017242
0.017402
0.028924
0.018494
0.021299
0.016892
0.026910
0.017813
0.015248
0.017693
0.017272
0.017031
0.019376
0.029825
0.017402
0.016450
0.029144
0.030476
0.016991
0.034664
0.016551
0.018965
0.017403
0.019206
0.016770
0.026870
0.016531
0.018033
0.021650
0.022502
0.016290
0.017282
0.027861
0.020608
0.015779
0.016931
0.017201
0.017753
0.015329
0.018123
0.018273
0.019476
0.019186
0.019366
0.018465
0.027651
0.017863
0.017663
0.015949
0.017662
0.018544
0.028663
0.015979
0.016801
0.018504
0.017863
0.014857
0.016871
0.020348
0.018955
0.015759
0.018724
0.017713
0.033462
0.016771
0.018534
0.023523
0.016871
0.018514
0.018665
0.018484
0.019806
0.018915
0.019055
0.021760
0.020237
0.021700
0.017271
0.016260
0.016931
0.016180
0.013906
0.017482
0.018595
0.020608
0.026078
0.016390
0.027330
0.017813
0.019486
0.016511
0.016901
0.019506
0.018303
0.018965
0.030567
0.014717
0.015810
0.018324
0.017512
0.016210
0.023543
0.017322
0.018053
0.019035
0.016240
0.020167
0.018754
0.017863
0.019206
0.017493
0.015990
0.019005
0.016430
0.028342
0.017703
0.026979
0.014286
0.016120
0.017873
0.019476
0.016841
0.015248
0.020127
0.015759
0.017723
0.017873
0.017252
0.016019
0.018585
0.020317
0.015619
0.017833
0.016350
0.022181
0.019446
0.016891
0.015809
0.020388
0.015188
0.020839
0.017352
0.023103
0.014457
0.015850
0.025858
0.030397
0.020588
0.018064
0.019266
0.018344
0.018123
0.017002
0.018935
0.015930
0.018614
0.018203
0.013454
0.017822
0.020528
0.025317
0.017352
0.016240
0.029484
0.019225
0.016922
0.017533
0.029224
0.017312
0.017002
0.027631
0.016952
0.015178
0.018694
0.019296
0.017913
0.016972
0.022872
0.018144
0.024385
0.019415
0.016250
0.019717
0.029014
0.022031
0.017642
0.016180
0.022772
0.015339
0.015078
0.016481
0.019265
0.015449
0.036398
0.017091
0.025877
0.015288
0.034023
0.015860
0.018645
0.018704
0.018254
0.016771
0.019196
0.016411
0.017082
0.015578
0.022842
0.019155
0.016520
0.016832
0.015889
0.018634
0.016591
0.016481
0.016921
0.018744
0.017802
0.017633
0.018203
0.016791
0.018635
0.017111
0.023954
0.014748
0.017201
0.017733
0.017072
0.017142
0.018695
0.017553
0.017673
0.033321
0.013194
0.015628
0.027431
0.017432
0.022642
0.016591
0.027020
0.017652
0.016180
0.017903
0.016300
0.020438
0.019055
0.027290
0.018645
0.019366
0.017793
0.016611
0.017813
0.027792
0.017111
0.021179
0.013054
0.013766
0.018174
0.015729
0.023985
0.016431
0.016921
0.018935
0.015930
0.018675
0.016611
0.018484
0.025137
0.018704
0.025553
0.015212
0.021294
0.019941
0.018718
0.018669
0.027667
0.015452
0.027186
0.018218
0.020132
0.016193
0.030553
0.015983
0.018157
0.031155
0.017236
0.021525
0.020312
0.019370
0.022977
0.022346
0.017165
0.017436
0.027336
0.018588
0.019230
0.014810
0.020492
0.016094
0.018788
0.019390
0.017085
0.018267
0.018097
0.015632
0.016925
0.016303
0.018037
0.014941
0.018719
0.015462
0.021444
0.016173
0.016774
0.015772
0.017966
0.014440
0.019289
0.021164
0.017987
0.021263
0.016223
0.015852
0.013969
0.016864
0.026724
0.029089
0.016594
0.018779
0.017075
0.018317
0.018448
0.019640
0.017176
0.018788
0.018417
0.016283
0.015822
0.016323
0.022666
0.025262
0.016303
0.017886
0.017185
0.026474
0.019520
0.017756
0.019610
0.016033
0.017035
0.018087
0.028538
0.019339
0.026915
0.016554
0.016644
0.017245
0.016544
0.017206
0.022556
0.016042
0.021243
0.019149
0.019189
0.015371
0.018929
0.019911
0.017155
0.017276
0.017375
0.019269
0.017435
0.017365
0.017887
0.018979
0.017516
0.017595
0.018087
0.018267
0.015692
0.019179
0.021564
0.027636
0.024600
0.020963
0.017486
0.017976
0.017095
0.017295
0.019760
0.014199
0.016633
0.018317
0.013727
0.016924
0.015902
0.018147
0.020512
0.020642
0.014980
0.019069
0.015902
0.018548
0.026063
0.017505
0.015471
0.017866
0.018909
0.017546
0.017084
0.026002
0.018237
0.017936
0.016523
0.017546
0.018838
0.015622
0.020220
0.017666
0.016684
0.020782
0.015942
0.024179
0.018879
0.016453
0.015962
0.019699
0.018498
0.015411
0.016493
0.021513
0.027025
0.016794
0.027315
0.015982
0.017505
0.019529
0.018297
0.019610
0.024148
0.022214
0.018477
0.016192
0.020741
0.032124
0.018668
0.015982
0.021112
0.027315
0.018727
0.017585
0.018877
0.020251
0.024539
0.019158
0.018397
0.021854
0.016543
0.016293
0.016944
0.016894
0.018958
0.015942
0.018326
0.017154
0.015802
0.013748
0.018667
0.018978
0.016694
0.017075
0.018156
0.015691
0.020321
0.015862
0.018687
0.014649
0.026784
0.014198
0.018066
0.018006
0.018316
0.017355
0.021052
0.020090
0.019069
0.018016
0.019028
0.025661
0.027435
0.017144
0.018968
0.014058
0.017494
0.017024
0.017715
0.017195
0.016914
0.018778
0.024769
0.018767
0.017445
0.017435
0.017124
0.021453
0.019088
0.017806
0.025812
0.019188
0.018868
0.016333
0.018477
0.019468
0.016232
0.019529
0.016543
0.017415
0.018467
0.017886
0.016423
0.020100
0.017816
0.017074
0.017985
0.014599
0.016753
0.017144
0.017635
0.017525
0.020200
0.017064
0.017545
0.016012
0.020230
0.017485
0.016744
0.023006
0.016442
0.027975
0.014649
0.016312
0.031713
0.019740
0.017475
0.015511
0.017555
0.016322
0.017164
0.026924
0.015190
0.014940
0.018687
0.020902
0.023907
0.017374
0.016824
0.018246
0.017564
0.019228
0.016523
0.022235
0.020962
0.017776
0.015561
0.018427
0.020261
0.017756
0.014629
0.017836
0.028547
0.026593
0.018356
0.018006
0.016803
0.017374
0.020260
0.016623
0.020129
0.017685
0.019378
0.018266
0.021783
0.019238
0.017053
0.016402
0.015541
0.017825
0.017665
0.017094
0.015791
0.015200
0.017985
0.019548
0.034177
0.017204
0.018516
0.016924
0.015470
0.020100
0.019368
0.017575
0.018727
0.015931
0.019669
0.016843
0.019368
0.020751
0.018597
0.027764
0.016853
0.015471
0.018967
0.027594
0.028727
0.017655
0.017634
0.019228
0.016252
0.018787
0.016402
0.017023
0.027815
0.020380
0.016633
0.016021
0.014428
0.018456
0.016312
0.018677
0.015941
0.017645
0.015010
0.016562
0.021843
0.015951
0.021031
0.016553
0.016993
0.017384
0.016693
0.026623
0.019839
0.020571
0.017073
0.020160
0.018496
0.017475
0.017074
0.019077
0.021483
0.022684
0.016422
0.017534
0.014088
0.017063
0.020891
0.028576
0.018066
0.014158
0.018917
0.017485
0.014799
0.020841
0.019568
0.016652
0.018106
0.023957
0.019528
0.019488
0.017724
0.018417
0.018306
0.016683
0.027263
0.015310
0.016964
0.016422
0.017064
0.017765
0.026752
0.018086
0.016753
0.020250
0.015410
0.015159
0.014919
0.016773
0.016272
0.015750
0.016122
0.027053
0.020871
0.016913
0.016793
0.013847
0.015009
0.018235
0.019428
0.017314
0.016843
0.021462
0.018286
0.019388
0.019609
0.018546
0.016251
0.017143
0.017434
0.018106
0.016503
0.018656
0.016843
0.027103
0.016282
0.034467
0.027854
0.016812
0.019318
0.018156
0.019548
0.016903
0.019919
0.029317
0.018907
0.017354
0.031371
0.016692
0.016712
0.018596
0.014979
0.019097
0.017363
0.015961
0.018066
0.026462
0.020360
0.016552
0.018396
0.018657
0.016432
0.017464
0.017855
0.017374
0.016462
0.018045
0.019569
0.016853
0.019549
0.022975
0.015270
0.018005
0.017674
0.027073
0.017043
0.016582
0.017013
0.020560
0.016472
0.018166
0.026932
0.016492
0.027263
0.017574
0.019467
0.019197
0.019208
0.013567
0.019277
0.020870
0.015340
0.015300
0.017654
0.017394
0.016552
0.016572
0.023525
0.017914
0.016552
0.018867
0.016632
0.017705
0.019277
0.018256
0.015340
0.017073
0.018416
0.017755
0.018376
0.021471
0.014868
0.018676
0.021803
0.016392
0.016773
0.016623
0.017384
0.018536
0.015741
0.017434
0.018476
0.016192
0.015991
0.018165
0.015780
0.016592
0.019858
0.017304
0.018065
0.022644
0.015200
0.020820
0.018927
0.017303
0.016021
0.016833
0.016593
0.017484
0.015791
0.017404
0.025469
0.016953
0.017073
0.017684
0.018716
0.018666
0.018446
0.021772
0.016392
0.014779
0.017203
0.022624
0.015761
0.017023
0.019979
0.016081
0.018486
0.020169
0.017945
0.018506
0.017103
0.017614
0.016402
0.021521
0.017694
0.019147
0.016041
0.016632
0.027483
0.016091
0.017954
0.015990
0.017303
0.027984
0.019217
0.027563
0.016121
0.019077
0.017263
0.020981
0.017343
0.021522
0.021041
0.020029
0.016693
0.016262
0.019748
0.020260
0.017514
0.019587
0.020500
0.016532
0.019918
0.016422
0.017244
0.016662
0.016011
0.017784
0.017133
0.019357
0.017403
0.016843
0.016422
0.018847
0.019698
0.027223
0.018004
0.014889
0.019116
0.018005
0.016161
0.018386
0.018355
0.019367
0.014628
0.017704
0.022544
0.017403
0.022905
0.016983
0.019147
0.016833
0.017804
0.021912
0.017674
0.021441
0.017824
0.016612
0.015409
0.023034
0.016181
0.015600
0.016762
0.016803
0.019217
0.033344
0.017213
0.015971
0.016732
0.015981
0.013857
0.017955
0.015911
0.044565
0.019047
0.024827
0.019107
0.014668
0.015440
0.021942
0.016612
0.016812
0.017674
0.016823
0.021471
0.017845
0.015891
0.016642
0.017414
0.018165
0.015700
0.015640
0.019288
0.016813
0.016391
0.015349
0.014989
0.018796
0.014799
0.017574
0.019688
0.019046
0.016452
0.018235
0.017875
0.018345
0.026712
0.019638
0.021050
0.017394
0.015860
0.015970
0.017945
0.019828
0.019187
0.018646
0.017113
0.018075
0.019738
0.018676
0.037642
0.017774
0.028094
0.018165
0.028345
0.020730
0.015430
0.017413
0.016882
0.017353
0.020029
0.017854
0.026581
0.017995
0.016141
0.018736
0.016923
0.016041
0.020709
0.018125
0.015840
0.016411
0.018225
0.019838
0.016511
0.017553
0.018887
0.018054
0.017704
0.018185
0.015330
0.015129
0.017133
0.016091
0.018665
0.016652
0.020710
0.016131
0.016762
0.015399
0.014809
0.017935
0.017564
0.015710
0.016431
0.015901
0.018886
0.017624
0.022673
0.018556
0.020098
0.020569
0.016782
0.019076
0.015439
0.016332
0.017613
0.018135
0.016552
0.016992
0.022774
0.017503
0.025028
0.016762
0.017884
0.020789
0.020389
0.015710
0.017794
0.020129
0.029827
0.022634
0.017804
0.015589
0.027954
0.022523
0.015470
0.017714
0.018064
0.018135
0.016942
0.017363
0.021101
0.018185
0.025629
0.020981
0.017293
0.017223
0.026401
0.021260
0.016442
0.024287
0.016111
0.019427
0.017985
0.018826
0.015520
0.018496
0.026561
0.019126
0.016922
0.020259
0.016492
0.016332
0.016631
0.019157
0.019157
0.018095
0.017734
0.026410
0.018235
0.020729
0.017834
0.018716
0.017503
0.018916
0.015881
0.022333
0.021171
0.027132
0.018896
0.018986
0.018987
0.016020
0.016221
0.018886
0.017924
0.014658
0.015580
0.015870
0.026481
0.023966
0.024357
0.015570
0.021581
0.016882
0.019648
0.017173
0.017142
0.028354
0.018967
0.018736
0.018695
0.017694
0.018416
0.016171
0.017253
0.016602
0.018355
0.017774
0.016521
0.016792
0.017604
0.018546
0.034305
0.017604
0.027813
0.015289
0.019147
0.018435
0.015730
0.020720
0.017243
0.020319
0.044555
0.017714
0.016041
0.016231
0.020590
0.017944
0.015740
0.016702
0.017473
0.016712
0.015410
0.015811
0.027592
0.018575
0.017152
0.017664
0.015710
0.015810
0.018445
0.017573
0.021742
0.018726
0.017994
0.017223
0.019427
0.018646
0.029286
0.018135
0.017944
0.016491
0.018435
0.019447
0.020689
0.017303
0.017002
0.017624
0.017283
0.016362
0.013897
0.021040
0.019487
0.016381
0.017193
0.017474
0.021551
0.020009
0.041890
0.017503
0.019918
0.017313
0.016111
0.027492
0.017243
0.017724
0.017133
0.017613
0.016481
0.016401
0.018295
0.021301
0.018486
0.029285
0.016842
0.017013
0.017002
0.015639
0.017003
0.017744
0.017553
0.016602
0.018275
0.018636
0.019437
0.025849
0.016652
0.016732
0.018225
0.016080
0.017593
0.016501
0.017302
0.019047
0.015870
0.016301
0.016932
0.015459
0.021801
0.014638
0.016171
0.026030
0.015600
0.017533
0.015850
0.018254
0.017594
0.017624
0.018655
0.023014
0.019838
0.016362
0.021470
0.015439
0.018174
0.016281
0.015700
0.027623
0.016121
0.019196
0.017854
0.019177
0.016331
0.018425
0.026430
0.024727
0.022573
0.033945
0.013936
0.026299
0.017343
0.016532
0.018245
0.015148
0.020158
0.017373
0.015730
0.019817
0.014538
0.016010
0.018205
0.017082
0.014588
0.017613
0.020479
0.016201
0.019447
0.017544
0.015820
0.021060
0.019598
0.018004
0.017083
0.017273
0.019457
0.014708
0.016702
0.016220
0.019727
0.024266
0.017965
0.016771
0.018395
0.015459
0.018615
0.019818
0.016571
0.014618
0.013615
0.015570
0.014567
0.013416
0.018185
0.017132
0.025879
0.017373
0.015600
0.016170
0.016782
0.017564
0.016381
0.017844
0.016321
0.017003
0.019336
0.023124
0.016943
0.016792
0.013726
0.019006
0.020689
0.015309
0.016862
0.017022
0.017433
0.017854
0.024686
0.016170
0.019918
0.015589
0.018205
0.018285
0.015790
0.016511
0.016261
0.016211
0.023935
0.017624
0.017894
0.026590
0.017112
0.018415
0.017553
0.017393
0.016651
0.016521
0.017674
0.020509
0.023675
0.018595
0.016532
0.017243
0.027812
0.019887
0.016311
0.028203
0.016632
0.016341
0.017714
0.017102
0.018806
0.019547
0.019797
0.023765
0.023775
0.023264
0.017102
0.017823
0.017113
0.018054
0.016571
0.018225
0.018234
0.015650
0.017192
0.029175
0.034145
0.027191
0.017714
0.017984
0.016892
0.027191
0.017733
0.027001
0.016361
0.016351
0.018254
0.028344
0.019086
0.015990
0.017383
0.017213
0.028434
0.016001
0.018585
0.016662
0.016561
0.027553
0.018175
0.016672
0.022131
0.016160
0.016801
0.015980
0.016732
0.016501
0.016140
0.016472
0.016441
0.018495
0.015840
0.016842
0.018595
0.018254
0.024617
0.016852
0.024697
0.019467
0.027843
0.015409
0.016501
0.031199
0.017703
0.019337
0.017113
0.018635
0.016131
0.018836
0.020389
0.018034
0.019728
0.018535
0.016561
0.017403
0.016562
0.014247
0.017092
0.018886
0.017774
0.016341
0.018986
0.026770
0.017663
0.024847
0.016211
0.016000
0.016752
0.017924
0.017924
0.015670
0.017684
0.017083
0.020378
0.018896
0.019707
0.016341
0.019327
0.020178
0.017343
0.017493
0.015279
0.017102
0.014077
0.014017
0.015429
0.015679
0.017443
0.022803
0.020289
0.014317
0.014056
0.018835
0.016110
0.016250
0.026880
0.019026
0.015620
0.018354
0.016762
0.016972
0.022623
0.019166
0.020349
0.016572
0.017944
0.020598
0.018525
0.016011
0.025579
0.016441
0.027231
0.017313
0.020058
0.015570
0.018274
0.018325
0.017884
0.018235
0.014187
0.017804
0.018665
0.017843
0.027592
0.018004
0.017042
0.018715
0.017683
0.017974
0.016061
0.015860
0.016892
0.018265
0.016512
0.037080
0.017694
0.027431
0.016962
0.018224
0.029997
0.015479
0.014287
0.015079
0.015960
0.017573
0.015629
0.018024
0.017704
0.017082
0.019247
0.020448
0.016632
0.016982
0.017072
0.016702
0.028273
0.018334
0.026420
0.016571
0.017052
0.017963
0.017362
0.030368
0.016381
0.017973
0.028293
0.016140
0.017964
0.015049
0.016821
0.016070
0.018715
0.019266
0.029946
0.013946
0.018535
0.018114
0.015790
0.018505
0.016070
0.016621
0.019808
0.017222
0.020459
0.016561
0.018275
0.017162
0.016341
0.017022
0.017934
0.016792
0.017794
0.017553
0.019026
0.018345
0.017923
0.016681
0.016861
0.022512
0.014868
0.012634
0.018455
0.020889
0.017904
0.017453
0.018164
0.018565
0.016532
0.015799
0.027903
0.015650
0.018565
0.017653
0.020158
0.016251
0.016581
0.019787
0.021400
0.016240
0.021831
0.030999
0.026931
0.014367
0.021280
0.021981
0.020799
0.018745
0.017232
0.026701
0.016992
0.015830
0.015720
0.015489
0.019547
0.015961
0.016381
0.019657
0.016852
0.016992
0.029526
0.017202
0.017332
0.016210
0.016621
0.017593
0.023504
0.018315
0.019166
0.019016
0.016982
0.031539
0.019427
0.019096
0.017924
0.019126
0.017152
0.018385
0.018215
0.018955
0.017753
0.016651
0.016892
0.028073
0.021190
0.026490
0.015539
0.017653
0.019267
0.016802
0.018244
0.026289
0.017764
0.020198
0.019336
0.015679
0.031870
0.015459
0.023825
0.015860
0.017623
0.016451
0.017603
0.017002
0.015029
0.015299
0.016962
0.020048
0.015850
0.019216
0.015610
0.017442
0.015399
0.017613
0.018515
0.018946
0.021100
0.017824
0.019266
0.020839
0.015800
0.024556
0.018204
0.016020
0.020398
0.017794
0.015990
0.015910
0.021090
0.017093
0.025187
0.019016
0.017703
0.018214
0.015700
0.017533
0.015749
0.022412
0.016240
0.019637
0.024767
0.021460
0.016321
0.017703
0.017113
0.016892
0.019266
0.017393
0.019677
0.017163
0.016161
0.017222
0.017212
0.019877
0.017763
0.015860
0.015158
0.016231
0.017914
0.017523
0.017332
0.026070
0.015258
0.017684
0.021530
0.016190
0.023504
0.016461
0.022823
0.018115
0.019126
0.019878
0.015249
0.016681
0.017723
0.018044
0.021791
0.014447
0.016321
0.017162
0.016872
0.015950
0.020278
0.019617
0.024536
0.014377
0.017833
0.018254
0.017232
0.017303
0.017823
0.018504
0.023514
0.016010
0.016461
0.014958
0.030247
0.017744
0.018855
0.017984
0.016150
0.019005
0.028363
0.019085
0.018194
0.018305
0.016722
0.024987
0.016762
0.015940
0.017904
0.019056
0.027562
0.017503
0.017092
0.021560
0.020398
0.015890
0.019246
0.019126
0.017332
0.016812
0.018054
0.016381
0.026861
0.025698
0.018786
0.019687
0.018675
0.017022
0.017583
0.018365
0.015760
0.016481
0.015990
0.016071
0.016061
0.017373
0.016060
0.018335
0.015740
0.024125
0.018946
0.016351
0.016701
0.023174
0.019858
0.016380
0.015930
0.027792
0.017984
0.015620
0.016841
0.020699
0.018615
0.020639
0.016400
0.017963
0.017593
0.015179
0.027532
0.017593
0.018886
0.018354
0.014276
0.014858
0.016160
0.017543
0.020468
0.018465
0.023604
0.018745
0.018776
0.017373
0.017894
0.018044
0.021590
0.019417
0.016081
0.016661
0.021050
0.017223
0.017403
0.019647
0.016772
0.016361
0.025067
0.022302
0.021761
0.019697
0.019737
0.021881
0.017493
0.021942
0.016992
0.021561
0.017012
0.017913
0.019978
0.019206
0.021310
0.018334
0.019798
0.021941
0.019286
0.017093
0.020228
0.016572
0.021621
0.017483
0.017063
0.016821
0.027422
0.016671
0.016892
0.020298
0.015288
0.034294
0.018645
0.019406
0.016491
0.032732
0.018675
0.017493
0.018716
0.020218
0.019497
0.016562
0.015589
0.016271
0.017082
0.019547
0.018936
0.016972
0.019156
0.016832
0.017132
0.019426
0.017914
0.019287
0.021159
0.020138
0.016050
0.017262
0.016240
0.016721
0.016952
0.016851
0.017483
0.019246
0.019036
0.016551
0.020188
0.015880
0.021130
0.016231
0.019617
0.019226
0.018324
0.018495
0.019046
0.017603
0.018124
0.018334
0.019025
0.018194
0.017413
0.017983
0.015809
0.025328
0.020549
0.020098
0.021010
0.026380
0.017083
0.016360
0.016721
0.016311
0.016331
0.019457
0.017523
0.030177
0.022703
0.024907
0.023585
0.016832
0.016672
0.015609
0.014768
0.015379
0.015829
0.017523
0.019427
0.016030
0.016010
0.018074
0.016782
0.018845
0.023785
0.017633
0.017603
0.016691
0.018274
0.026750
0.017342
0.017292
0.017203
0.017102
0.016902
0.012543
0.018986
0.016491
0.028023
0.016721
0.018545
0.020668
0.017593
0.020328
0.017503
0.016010
0.016101
0.017272
0.017744
0.017433
0.017804
0.024446
0.014718
0.021871
0.017112
0.017543
0.015069
0.018976
0.017062
0.016351
0.027361
0.017132
0.016251
0.020538
0.018926
0.017052
0.014768
0.016912
0.018835
0.016632
0.016882
0.018856
0.018154
0.016111
0.021871
0.019937
0.022242
0.016812
0.021110
0.016301
0.015779
0.017844
0.016421
0.015429
0.016762
0.018765
0.017533
0.016451
0.020309
0.019877
0.035516
0.032902
0.018305
0.018955
0.017744
0.019096
0.017273
0.016050
0.022202
0.016861
0.016651
0.021901
0.018014
0.016581
0.017223
0.017343
0.014827
0.022141
0.018906
0.019617
0.019216
0.018134
0.017132
0.015149
0.018154
0.017363
0.015970
0.016691
0.016100
0.021260
0.020588
0.017894
0.016621
0.015840
0.018936
0.019957
0.015108
0.021380
0.018555
0.015929
0.020899
0.019847
0.015519
0.018063
0.020198
0.016721
0.017272
0.019466
0.017022
0.015449
0.016942
0.017784
0.017964
0.016340
0.015880
0.019356
0.018435
0.027842
0.017864
0.021611
0.017172
0.028313
0.019667
0.017994
0.024345
0.017202
0.016571
0.018244
0.018815
0.018685
0.019627
0.019727
0.017133
0.017393
0.018024
0.020599
0.016141
0.020147
0.020388
0.023434
0.017603
0.018024
0.018354
0.019346
0.017212
0.016992
0.016922
0.019997
0.015929
0.018465
0.016441
0.016712
0.018034
0.022632
0.016140
0.018745
0.017924
0.019286
0.018164
0.018395
0.017072
0.014688
0.015870
0.017713
0.024426
0.018665
0.021250
0.019106
0.016631
0.016842
0.017462
0.017283
0.017713
0.017283
0.018435
0.016080
0.016070
0.018975
0.016591
0.018385
0.018154
0.017974
0.019416
0.016201
0.014257
0.017432
0.016251
0.017092
0.019687
0.016090
0.017573
0.016331
0.016742
0.018274
0.015990
0.016892
0.022492
0.014978
0.018886
0.016010
0.016832
0.020709
0.015048
0.014908
0.017302
0.016561
0.018464
0.019126
0.019998
0.018004
0.018565
0.017894
0.015770
0.019687
0.020309
0.019566
0.017623
0.016281
0.017643
0.015199
0.017483
0.015068
0.014347
0.021100
0.015298
0.015369
0.020117
0.020108
0.016811
0.019847
0.017172
0.018614
0.016010
0.017593
0.015309
0.016511
0.018525
0.019607
0.024747
0.016711
0.020829
0.019697
0.014687
0.016682
0.025207
0.018705
0.016641
0.019296
0.015609
0.017613
0.016681
0.018776
0.017132
0.016020
0.021250
0.017092
0.018434
0.020098
0.018375
0.017914
0.018906
0.019126
0.018434
0.022853
0.016751
0.016501
0.020298
0.021570
0.016881
0.015820
0.017452
0.019166
0.018184
0.021801
0.016451
0.016441
0.017402
0.019046
0.017633
0.017052
0.017743
0.015950
0.019126
0.016701
0.017182
0.031899
0.015930
0.017984
0.019106
0.017492
0.017323
0.016541
0.017052
0.023454
0.017242
0.015640
0.018074
0.015349
0.018655
0.016811
0.017783
0.015889
0.016471
0.021079
0.018325
0.019066
0.024627
0.016762
0.018565
0.018234
0.019196
0.027291
0.017463
0.018625
0.016490
0.018665
0.017884
0.016380
0.017744
0.016060
0.016491
0.017323
0.017443
0.016601
0.020728
0.023104
0.015930
0.026199
0.016381
0.017152
0.016010
0.017713
0.016250
0.018634
0.028623
0.015669
0.017402
0.019437
0.015819
0.016891
0.019216
0.020849
0.030056
0.020298
0.016561
0.020839
0.017322
0.027832
0.019026
0.016211
0.024435
0.017462
0.018815
0.019125
0.017603
0.017453
0.022182
0.018144
0.021641
0.016181
0.019457
0.021340
0.037470
0.015759
0.015819
0.015820
0.016601
0.015940
0.017041
0.016702
0.020438
0.018685
0.016962
0.021350
0.017693
0.014698
0.017342
0.024466
0.019828
0.018124
0.020418
0.019657
0.017984
0.027372
0.014988
0.019717
0.019196
0.020028
0.019136
0.018355
0.015259
0.014518
0.017533
0.016190
0.021130
0.016071
0.017263
0.019386
0.017983
0.016341
0.019176
0.019827
0.015920
0.019617
0.015939
0.018615
0.017874
0.018484
0.053210
0.018114
0.017763
0.019717
0.016931
0.017453
0.019607
0.021019
0.015730
0.017202
0.015870
0.018935
0.018094
0.025939
0.021701
0.019406
0.015409
0.016902
0.024215
0.030979
0.020689
0.018505
0.017253
0.016982
0.020799
0.016561
0.018294
0.015920
0.014347
0.015679
0.018194
0.016712
0.018534
0.020899
0.015900
0.015318
0.016070
0.023324
0.017442
0.024516
0.016280
0.017152
0.016161
0.018895
0.018875
0.016140
0.018876
0.018645
0.017983
0.015238
0.018174
0.016702
0.017533
0.027020
0.018555
0.018985
0.019326
0.019947
0.026360
0.018725
0.017203
0.021340
0.020348
0.016591
0.017312
0.038772
0.019456
0.029105
0.020147
0.026319
0.015038
0.015178
0.017433
0.018865
0.020017
0.019676
0.021249
0.019105
0.018345
0.021270
0.016982
0.017674
0.015990
0.015910
0.017483
0.021280
0.024696
0.014116
0.018044
0.018254
0.017392
0.026299
0.016952
0.023955
0.019456
0.015630
0.018234
0.018435
0.019326
0.019076
0.024756
0.015810
0.017904
0.022593
0.017433
0.015990
0.016852
0.019676
0.016151
0.021210
0.017463
0.027191
0.018745
0.020308
0.017603
0.016020
0.018234
0.014868
0.013856
0.018855
0.028984
0.018946
0.016741
0.028663
0.016861
0.015429
0.017052
0.019467
0.018615
0.016551
0.017072
0.019457
0.016591
0.018053
0.017403
0.016220
0.025578
0.018555
0.017242
0.020248
0.016220
0.020258
0.018093
0.020389
0.017924
0.015439
0.015990
0.016841
0.015679
0.016501
0.016691
0.017192
0.017833
0.021730
0.019787
0.017793
0.020308
0.017052
0.017864
0.016110
0.027602
0.015900
0.016431
0.018234
0.015779
0.016461
0.018264
0.016050
0.018786
0.018084
0.022963
0.021931
0.015449
0.024666
0.017623
0.021069
0.027020
0.018224
0.015740
0.019767
0.021260
0.016370
0.016060
0.018405
0.019616
0.016010
0.016951
0.014628
0.021580
0.018164
0.016831
0.019817
0.017042
0.018184
0.017613
0.017062
0.018675
0.017994
0.017413
0.018304
0.015739
0.016241
0.021670
0.016631
0.016080
0.015900
0.017373
0.024476
0.017343
0.017242
0.017633
0.015539
0.016981
0.018204
0.016521
0.017042
0.019457
0.017723
0.016231
0.015810
0.016621
0.019236
0.016320
0.015489
0.018345
0.015570
0.018685
0.014597
0.023003
0.022893
0.018384
0.016421
0.030938
0.014086
0.014728
0.017713
0.014376
0.017213
0.016250
0.020348
0.024807
0.020398
0.019596
0.037761
0.021210
0.022071
0.017463
0.018705
0.014868
0.017734
0.016130
0.032421
0.016040
0.017453
0.020849
0.016261
