2.097357
2.229671
2.082520
2.020325
2.001441
2.048617
2.059358
2.049719
2.123937
2.217770
1.860080
2.619580
2.690982
2.340165
2.304118
2.301183
1.674227
2.963435
2.613500
2.375350
1.993376
1.825486
2.246893
1.925901
2.053967
1.819645
1.572129
2.550503
2.217228
1.734228
2.517793
2.474293
2.352178
2.263294
2.373086
2.464595
2.514987
2.299089
1.740570
2.220104
2.669292
2.522191
2.513304
2.503717
1.479117
2.279955
2.056582
2.756503
2.264476
2.149814
1.732986
2.111413
1.751890
2.241874
2.443756
2.364931
2.453213
2.192943
2.879861
2.497756
1.875648
2.107917
1.847637
2.491725
2.787169
2.104831
1.858858
1.601764
2.014655
1.728047
2.071359
2.396399
2.458344
2.687315
2.559310
2.437034
2.648644
2.123175
2.435010
2.352809
2.835479
2.861607
2.060870
1.685888
2.088311
2.169230
1.992053
2.986477
2.288320
2.543209
2.439087
2.488809
1.961918
2.550724
3.067356
2.242816
2.066671
2.202751
2.309188
2.444959
2.136309
2.123946
2.664914
1.612674
1.672915
2.299671
1.809036
2.296495
2.620662
2.502695
1.465993
1.841024
2.109029
1.887791
2.355964
2.345134
2.506953
2.772973
2.440591
2.163360
2.119097
2.183196
1.841816
2.471938
2.345845
2.622155
2.439809
2.139906
2.213722
2.036605
2.259175
2.638395
2.654325
2.505791
2.344814
2.573887
2.659003
1.844411
2.015777
2.169150
2.152319
2.777091
2.194907
1.904963
2.343481
2.045482
2.178497
2.223249
1.992935
2.007622
2.154933
2.240621
2.343752
2.614601
2.681525
2.118757
2.177986
1.814135
2.037186
2.349523
1.778169
2.855055
2.860244
2.831190
1.669729
2.477208
2.142200
2.447132
2.900368
2.710067
2.471547
2.648905
2.168589
2.258345
1.689626
2.444047
2.543420
2.354812
2.582703
2.437715
2.351676
1.675630
2.394515
2.122734
1.816379
2.070417
2.709386
2.612487
2.681906
2.683729
2.071570
2.053016
2.161035
1.992524
1.740209
2.248115
2.545063
2.828476
2.938027
2.433948
1.755638
1.986262
2.283019
2.141048
2.097528
2.310511
2.481155
2.102247
2.645599
2.276167
2.506482
2.241143
2.138724
2.327852
2.228710
2.151868
2.725856
2.865684
2.765540
2.564408
2.513876
2.552136
2.488960
2.276177
2.498207
2.813479
1.667876
2.723452
2.398804
1.851404
2.228730
2.157859
3.254592
2.196660
2.626403
2.965348
2.478240
2.120480
2.286978
1.922375
1.547995
2.104040
3.217393
2.729073
2.608330
2.585858
1.700697
2.152659
2.360082
2.758817
3.251406
2.715226
2.478701
1.583991
2.648213
2.488098
2.134606
2.253465
2.521900
2.188786
1.672454
2.040042
1.807574
1.580214
2.665876
2.611947
2.469053
2.160284
1.656885
