3.459489
4.821371
5.260942
5.422841
3.722595
3.743373
4.266097
4.385307
4.519905
5.106517
5.020699
4.801825
1.695507
1.990901
1.883233
3.075291
2.824208
2.061261
2.277250
1.955787
2.097939
1.637710
2.875051
3.092132
2.247825
2.261220
1.645424
2.388715
2.346557
1.980232
1.940488
2.146268
2.466779
1.867464
2.544101
2.178467
2.431824
1.776316
1.588028
2.142511
1.770565
2.328263
2.010448
2.178257
2.520448
2.982309
2.803209
1.742082
2.118316
2.558708
1.911325
1.939667
2.173008
2.294591
2.065078
2.376623
2.097708
1.559466
2.211859
2.532590
2.223811
3.044434
2.352578
2.558448
2.712672
2.095484
2.143412
1.923367
2.568527
3.015631
1.888292
2.439248
2.553759
2.530727
2.082180
2.632415
2.215846
2.223942
2.007752
2.557736
2.598582
1.667955
2.297987
1.966967
2.041876
2.359300
2.684119
2.860044
1.521666
2.302175
2.277790
2.688538
2.343973
2.815082
3.029176
2.979504
2.652662
1.941300
2.676626
2.256441
2.506432
2.354922
2.190359
2.721608
2.651981
2.747728
2.496344
2.651940
2.657291
2.426816
2.064497
1.782687
2.403001
1.715193
1.969832
2.483900
2.503987
2.232797
2.336769
2.046484
2.434309
2.344694
2.153772
2.738781
2.734543
1.970083
3.503932
3.368543
3.790611
3.157994
2.717291
3.062929
2.326070
1.948754
2.087609
2.545845
2.231645
2.264877
2.252555
2.237196
1.782507
2.224342
1.788819
2.490573
2.612698
2.405476
2.309999
2.256822
2.689880
2.694479
2.334485
2.367486
2.622366
2.253376
2.792580
1.669047
1.479498
1.761358
2.105453
2.392071
2.902773
2.835559
1.574192
2.910237
2.695010
2.541337
2.661258
2.614592
2.604473
1.830887
2.394445
3.146161
2.454947
2.256712
2.266399
1.991112
2.144154
2.018132
2.193265
2.147381
2.155295
2.171986
2.207030
2.218551
2.652722
2.211789
2.262683
2.036195
2.497736
2.096306
2.120941
1.743615
2.189798
2.516721
2.599634
2.039161
2.002643
2.538912
2.204265
2.184087
2.244118
2.337571
2.076980
2.468522
2.349943
2.176394
2.143744
2.144625
2.119939
2.198544
1.892911
1.923237
2.966490
1.906085
4.525465
1.795672
2.191742
1.664700
2.414192
2.659284
2.169721
2.128114
2.330928
2.227638
2.667339
3.169635
1.775504
2.966390
2.713104
2.274435
2.001971
1.992164
1.769784
2.176764
1.784641
1.788749
2.274404
2.706391
1.692090
2.983272
2.821673
2.154724
2.186552
2.028079
2.096316
2.152610
2.212961
1.955887
1.906836
3.503321
3.162462
1.681421
2.544312
2.686474
1.871561
2.216307
1.834743
2.278221
1.744016
2.561824
1.717838
2.576121
2.467811
1.675440
1.588169
2.511271
1.506608
2.495833
1.709662
2.383856
1.684997
2.324256
2.108228
2.416507
2.414593
2.252995
2.633647
2.738440
2.635981
2.642363
2.204525
1.626029
2.354823
1.770135
1.500397
2.159092
2.128165
2.457181
2.152179
2.578435
2.259827
2.458965
2.552447
2.073804
2.442755
2.304560
2.459946
2.608340
2.924022
2.697284
1.661434
2.044781
2.459846
2.038980
2.505510
2.485283
2.927900
2.877166
1.734158
2.400096
2.051513
2.391090
2.103048
2.268053
2.500270
2.671566
2.481226
2.572454
2.544763
2.676075
2.339304
2.284062
2.369870
2.398493
2.565872
2.572985
2.070348
1.950216
1.905995
2.021027
2.025916
1.883313
1.925952
2.368999
1.873545
1.612764
2.159292
2.315751
2.065940
2.747807
2.411847
3.011954
3.141544
2.609492
2.175883
2.210747
2.248026
2.804291
2.758497
2.242345
2.709977
2.330017
2.413190
2.804482
2.462842
2.654245
2.470455
2.092580
2.561083
2.594515
2.507314
2.279333
2.513756
2.657390
2.100743
2.663672
2.514096
2.694709
3.025159
2.718563
2.628618
2.430973
2.238538
2.038449
2.341368
2.175973
2.971550
2.801506
2.563647
2.640490
2.459997
2.752526
2.879029
2.579587
2.751164
2.763446
2.934933
2.851689
2.562576
2.162277
2.432496
2.435441
2.483159
2.880642
2.712382
1.686189
1.930310
2.107206
2.417058
2.398273
2.554120
2.713874
2.651389
2.161185
1.549197
2.193705
1.991232
2.436984
3.154197
2.454928
2.600676
